1.0,0.9734765990623626
0.0,5.0696060753897204E-5
0.0,-9.599411433957122E-5
0.0,4.055927973375097E-5
0.0,-6.463090444990631E-5
0.0,-2.799593280124136E-5
0.0,1.3736933306609209E-5
0.0,-1.0620074316621156E-6
0.0,-2.3010779991940836E-5
0.0,6.280593082787784E-5
0.0,-7.490089948709888E-5
1.0,0.9950634339190566
0.0,2.2614059069756337E-5
0.0,-2.1518935368900715E-5
0.0,-1.1248330367638837E-5
0.0,5.035268953370609E-5
0.0,2.186509184433249E-5
0.0,-3.0961228878400096E-5
0.0,1.5431236766002286E-5
0.0,9.27490445097373E-6
0.0,-3.0116477049586815E-4
0.0,1.8876817481423708E-4
1.0,0.9948088645159029
0.0,1.2277993190014307E-4
0.0,2.2942776607497638E-5
0.0,-2.0682801397581225E-4
0.0,2.0939114511090055E-4
0.0,-6.016780864339769E-6
0.0,9.690792102740313E-5
0.0,-7.901005501050788E-6
0.0,0.028488750840977153
0.0,0.256097008320971
0.0,0.19665303241370743
1.0,0.9931924454149486
0.0,0.3640443039963049
0.0,-0.10712746068700355
0.0,0.1267810200992576
0.0,-0.03633850043297271
0.0,-0.0963083693434537
0.0,-0.5381912879206692
0.0,-0.0014311445841631069
0.0,0.0016289785150541906
0.0,-6.847313761741922E-4
0.0,4.3102377511415173E-4
1.0,0.9949041968358624
0.0,-2.3492185929991762E-4
0.0,-2.977688378517608E-4
0.0,-2.7579239811938443E-4
0.0,0.0012411978326027243
0.0,0.0011186372064578664
0.0,-7.697582759384435E-5
0.0,1.6705083968556288E-4
0.0,-1.387187024866263E-4
0.0,-5.5664679701738565E-5
0.0,-7.232532962335179E-5
1.0,0.9955964420107626
0.0,-7.921871546966118E-5
0.0,4.26824849056914E-5
0.0,4.1804361517478146E-5
0.0,1.5515834258096755E-4
0.0,-2.5052793480422294E-5
0.0,7.897281318472201E-5
0.0,-3.469935962131087E-5
0.0,3.9096303726541056E-5
0.0,6.136928782304103E-7
0.0,-1.7608011864801345E-5
1.0,0.9951400426124066
0.0,3.00815026077231E-5
0.0,8.230823648294842E-6
0.0,2.9827613735525188E-5
0.0,-5.7416897010518985E-5
0.0,1.068380862660352E-5
0.0,1.2974631254790954E-5
0.0,1.558753075454932E-5
0.0,-2.669677992073155E-5
0.0,-1.1765804496256496E-5
0.0,-8.282101574828332E-7
1.0,0.9956682784944061
0.0,3.8854508256345896E-5
0.0,3.292654688789272E-5
0.0,-0.1130934817744714
0.0,0.6373853367297974
0.0,-0.5586034226987313
0.0,0.40380152239453543
0.0,0.07838147813358143
0.0,-0.7814641376382022
0.0,0.12142419693959274
0.0,0.7844282076031546
1.0,0.9737533563605071
0.0,0.45732878395421184
0.0,-6.086197924866396E-5
0.0,-3.28234299604519E-5
0.0,1.8506335576953292E-5
0.0,5.205556316315195E-6
0.0,-2.3001874096493888E-5
0.0,-1.7731026054208877E-5
0.0,7.058013560785721E-5
0.0,5.399703562062408E-5
0.0,-3.679266117106581E-5
1.0,0.9956363886708465
