1.0,0.4930956440823756
0.0,0.0014439619733058974
0.0,0.0014276677584295421
0.0,0.5004924988717097
0.0,0.0010141196347592018
0.0,2.9536483471181253E-4
0.0,6.27245661052426E-4
0.0,0.0013800536515958996
0.0,0.0016510929825827498
0.0,1.1735390608161853E-4
0.0,6.067166605060694E-4
1.0,0.5008597353961405
0.0,2.9074325382318143E-4
0.0,-8.235850803810398E-4
0.0,0.5006715134030466
0.0,-4.572575698013661E-5
0.0,-1.3636118592844223E-4
0.0,-2.894822207948888E-4
0.0,4.15910523191359E-4
0.0,-1.3295876821674882E-5
0.0,0.0010307232241617795
0.0,6.363949287260742E-4
1.0,0.5007507496383631
0.0,-0.0010444489255998699
0.0,3.849178949063152E-4
0.0,6.527878200007066E-5
0.0,-3.652786544909341E-4
0.0,0.5007708515750398
0.0,1.4723464415689776E-4
0.0,-7.365463766091631E-5
0.0,0.4984879634047026
0.0,-7.468388147217703E-4
0.0,-0.0011259869399423196
1.0,0.5059453732444943
0.0,-0.0011792006092108834
0.0,-4.971250248235405E-4
0.0,-0.0015839061951712155
0.0,-0.0011725622189013303
0.0,-5.534096835646702E-4
0.0,-5.833250791929507E-4
0.0,4.44697011942697E-4
0.0,0.5010509867286844
0.0,2.916669850275495E-4
0.0,-9.89083645891466E-4
1.0,0.5008628653780727
0.0,-3.258660241154254E-4
0.0,-1.7308729766425703E-4
0.0,-2.888296080184009E-4
0.0,3.7904203925295864E-4
0.0,-8.902690197828299E-6
0.0,-4.3584693274892366E-4
0.0,2.586277555741655E-4
0.0,6.290129239264554E-5
0.0,-7.975195857500642E-4
0.0,-1.7902899199976908E-4
1.0,0.9919154488105936
0.0,-2.210343732162878E-4
0.0,1.7533546853643595E-4
0.0,3.6883918089967565E-4
0.0,2.638243792965107E-4
0.0,4.923208443105562E-4
0.0,3.863980967776836E-4
0.0,7.791611081884973E-5
0.0,-0.0010910872568813265
0.0,1.7715928629445706E-4
0.0,-6.18165966047191E-5
1.0,0.5006811398618158
0.0,1.601035732440051E-4
0.0,0.5010568302110499
0.0,9.792622060424754E-6
0.0,0.0011268773467363494
0.0,-6.283264534194266E-5
0.0,0.5009714427664572
0.0,-9.466651394051786E-4
0.0,-3.1429249284043126E-4
0.0,-1.1471357050949037E-4
0.0,-7.654393048685451E-5
1.0,0.5009921720247719
0.0,4.359952961432086E-4
0.0,2.071561471029673E-4
0.0,7.100095683126049E-4
0.0,2.9899278507258386E-4
0.0,-1.1676622224812147E-5
0.0,-8.687940561270666E-4
0.0,8.967486231995075E-5
0.0,-6.565703813430729E-5
0.0,0.5006642060280566
0.0,7.055163901335263E-5
1.0,0.501040055951125
0.0,-9.504394984589861E-5
0.0,1.658300082909607E-4
0.0,-2.6935624857596426E-5
0.0,-2.643056386980335E-4
0.0,-1.2428355450467964E-5
0.0,-1.2747866900327068E-4
0.0,9.446131802478481E-6
0.0,-2.3664076246478107E-4
0.0,4.009140790419483E-4
0.0,2.3943579729114353E-4
1.0,0.9931099364282796
