1.0,0.7666847855743565
0.0,0.017468678831758466
0.0,-0.015617238771618948
0.0,-0.09609909210325271
0.0,0.09840307948530301
0.0,0.0718811717769055
0.0,-0.01303892184087336
0.0,0.027834338607867617
0.0,0.017185363867004637
0.0,-0.08444555904407765
0.0,0.14354648750574353
1.0,0.52038610781941
0.0,0.5036310597064595
0.0,-0.07740230361005644
0.0,-0.0406010060591959
0.0,0.040616326757533114
0.0,-0.051237970897363386
0.0,0.025385997311468168
0.0,-0.06443560417314732
0.0,-0.02258176594707236
0.0,-0.022097374110808848
0.0,0.4978271101445264
1.0,0.4924421022414517
0.0,0.0045967782846127484
0.0,0.016656038993417988
0.0,-0.007904132396522419
0.0,0.014589054995863925
0.0,0.04442143718748916
0.0,-0.0057402079579276285
0.0,-0.036498371952881234
0.0,-0.09202441974258997
0.0,-0.01621522970481678
0.0,0.007706935679815867
1.0,0.44130233896036547
0.0,0.5026435018550272
0.0,0.0025951122906060276
0.0,0.04367879596566418
0.0,0.035347675791752055
0.0,0.034805240456872916
0.0,0.03484383451475968
0.0,-0.09686232889670397
0.0,0.1335528930883621
0.0,0.13988737558872766
0.0,0.331918643276185
1.0,0.37862347499094035
0.0,0.060707371943892585
0.0,0.01972270862489169
0.0,-0.005639521312359776
0.0,0.009038505397794222
0.0,0.076198239957044
0.0,0.2469915234943961
0.0,-0.05763642877224756
0.0,-0.12204655167013335
0.0,0.060338084011396634
0.0,0.08038709056963392
1.0,0.5308533068239727
0.0,-0.15408888128943804
0.0,0.03557472395803039
0.0,-0.12691496354162124
0.0,0.5052201280498768
0.0,0.001660079033707949
0.0,0.0019015581611437464
0.0,0.019742506927092732
0.0,0.041450239875375286
0.0,-0.02925373386766355
0.0,-0.024580669990279094
1.0,0.5039165798180817
0.0,-0.004935661869057322
0.0,0.49463777717474766
0.0,0.008116965591659153
0.0,0.021091383762627636
0.0,-0.04339458581127627
0.0,0.04395425469915876
0.0,0.03333267363105654
0.0,-0.035748160397711164
0.0,-0.046887597424246114
0.0,-0.011400648202562737
1.0,0.8449518585934809
0.0,-0.0060433579090131235
0.0,0.051503033663487414
0.0,0.05925965818476783
0.0,0.05069590593185946
0.0,0.05385568983415338
0.0,0.082928598828712
0.0,0.05941868896297645
0.0,0.056692484520217024
0.0,0.32910956545392145
0.0,-0.0061943565128518546
1.0,0.32322647244228575
0.0,0.06628638287572966
0.0,-0.23906563241383993
0.0,0.06514251755361566
0.0,0.038984432793187106
0.0,0.19108366483287526
0.0,0.13108742101398885
0.0,0.3679474530488975
0.0,0.05930700627688563
0.0,0.009342836569824974
0.0,0.057481388799810275
1.0,0.4061847606582578
