0.0,0.010567784431683066
1.0,0.9883569284172163
1.0,0.9985665163157832
1.0,0.9978452408713947
0.0,0.008057894514640567
1.0,0.9827366977756999
0.0,0.014487598437928684
0.0,-0.005225765459600287
0.0,-0.00628054646548736
1.0,0.9935804713846521
1.0,0.991446911695989
0.0,0.007229887973314564
0.0,-0.0010184157949329972
1.0,0.9689176064211674
1.0,0.9858790391305078
1.0,0.9724263943439215
0.0,0.0274495997586434
1.0,0.9944527636640738
0.0,-0.009324214618689316
1.0,0.9689618930019772
1.0,0.9998588999052801
1.0,0.9791101392224347
0.0,-0.024154728699173404
0.0,-0.007404600538870072
1.0,0.9942212801617293
1.0,0.9923650839332597
0.0,-0.008015048501314882
0.0,0.0019357739331924645
0.0,-0.005207904980514214
1.0,0.9977094543194678
0.0,-0.006821298122334348
1.0,0.9995266308008358
1.0,0.9984688693946975
1.0,0.9943225312542302
0.0,-1.4658096064694548E-4
0.0,0.021209890713122223
0.0,0.00790625557330709
1.0,0.9838389856454132
0.0,0.0036248605546802272
0.0,0.0065147297277230185
0.0,-0.016173990138215324
1.0,0.9883291733069213
1.0,0.9895121933288711
0.0,-0.005547418431732505
0.0,0.00762867599627224
0.0,-0.006580896636650296
0.0,-0.011223387584303822
1.0,0.9932756833635424
0.0,0.006846774115203409
0.0,-0.014336928202128037
0.0,-0.008281006994157788
0.0,0.009296224407635693
1.0,0.9793420278786207
0.0,1.288261464107493E-4
0.0,-0.013531750614519404
0.0,-0.010244663389349592
0.0,0.007992078274663802
1.0,0.9755796207138792
0.0,-0.002804394461026753
0.0,-0.0011610489696596373
0.0,-0.0023997329169411457
0.0,0.01530795937294477
1.0,0.9727841598731002
0.0,-0.00527780370645728
0.0,-0.004697907892460113
0.0,0.004029052358182663
1.0,0.9898339412661249
1.0,0.9779308159838751
1.0,0.9884410822074788
0.0,0.002903026624504807
0.0,-8.570387152113894E-4
1.0,0.9981029148340232
1.0,0.9774067909321921
1.0,0.9956161918360309
0.0,-3.1564918601499213E-4
1.0,0.9953752411602863
0.0,8.444596715193779E-4
0.0,-0.0015060720271881404
0.0,-0.0016808718739086197
1.0,0.9993791668969115
0.0,0.003381848142431707
0.0,-0.001494577790108336
0.0,-0.0010015257315887593
0.0,-3.541057401099239E-4
1.0,0.9964961832993894
0.0,0.001731806649577789
0.0,0.0027645697282693608
0.0,0.001820043241452107
1.0,0.996591991207952
0.0,7.367266457463564E-4
0.0,8.868606959996958E-4
0.0,9.348862428434975E-4
1.0,0.9718839640244672
0.0,-7.200701733639241E-4
0.0,0.002944844405177415
0.0,8.598067990373245E-4
1.0,0.9731996039937846
0.0,-0.0012433134435594414
0.0,0.001688579782294107
0.0,0.0013854402204004843
1.0,0.9795168793371574
1.0,0.9872664998782335
1.0,0.9719437449829563
1.0,0.9688940532526277
1.0,0.9832786643987035
0.0,0.006457624987601099
1.0,0.9952601755607665
1.0,0.9979952079463854
1.0,0.9993153473527934
0.0,-0.002463856519718279
1.0,0.9922833439776702
0.0,-0.0017641556762645876
0.0,-0.0012870776573976474
0.0,0.002834458790277257
1.0,0.9807493036442965
0.0,-6.215818123913622E-5
0.0,-0.001271817874666183
0.0,-0.009482733698927309
0.0,-0.0022606212156461125
1.0,0.9981619531258868
0.0,-0.007290720010894846
0.0,0.0033034564233171866
1.0,0.9846386491074822
1.0,0.9852772527215315
0.0,-0.020930246189518262
0.0,0.010738981550648721
0.0,0.0024941198243285663
0.0,-0.0032408622359874645
0.0,-8.675864160960213E-4
1.0,0.9942901233907792
1.0,0.9706451995375752
0.0,-5.130173119102884E-4
0.0,-3.04079482472353E-4
0.0,-0.01579698145272296
1.0,0.9867235346034581
0.0,0.002822210053733897
1.0,0.9852742217879465
1.0,0.9994254382630131
1.0,0.973948383732384
0.0,0.008464789254113102
0.0,0.0311774171718539
0.0,0.008678786544978884
0.0,-0.01806640350723242
1.0,0.992323409576494
0.0,0.01926931197204691
0.0,-0.03575232628883419
0.0,0.015584474206365618
1.0,0.9742275410561647
1.0,0.9823708981821556
0.0,0.009370796369201849
0.0,-0.05100458768550228
1.0,0.9822455497352175
0.0,-0.019771782208529556
1.0,0.9774036660275425
0.0,-0.014020846605603206
1.0,0.9773610137217374
0.0,-0.008599780562946139
0.0,-0.04679158938752171
1.0,0.9838648099139701
0.0,-0.04258532477684604
1.0,0.9914678427658015
1.0,0.9808604904498807
1.0,0.9992106675372674
1.0,0.9755553512834587
1.0,0.9811431508049723
0.0,-0.006424577347057887
0.0,0.03907730783101137
0.0,-0.008562009235160557
1.0,0.9776599440729582
0.0,-0.02445864323030336
0.0,0.006440303936598446
0.0,-0.020487486703552913
0.0,-0.016610684685324065
1.0,0.99560348211481
0.0,0.002188001031892867
1.0,0.9503186116845133
1.0,0.9911582805636913
1.0,0.9988333344171955
1.0,0.9983740622946142
1.0,0.9878489012126169
1.0,0.9830198788516924
0.0,-0.008280070177594296
0.0,-0.0034650019674908683
0.0,-0.0019188089648630364
0.0,0.004352571402510902
1.0,0.9945681672853015
1.0,0.985598814071294
1.0,0.9723352493554223
1.0,0.9863159979570282
0.0,-0.00414335546501055
0.0,-0.0010649345908096488
0.0,-0.002708801375343558
0.0,0.005223989341290046
0.0,-0.006423125134824307
1.0,0.9758791654682908
0.0,-0.003351258844009056
0.0,0.006951319718938437
0.0,-0.006395289506709975
0.0,-8.253986523707803E-7
1.0,0.9887397986018652
1.0,0.9934306355323179
0.0,0.007174534228086797
0.0,-0.0057096569941491255
0.0,-0.0018363055918472996
1.0,0.9888019934475122
0.0,3.427954908998741E-4
1.0,0.9989834694561278
1.0,0.9774716155017805
1.0,0.9740483951584819
0.0,0.0025321704306807344
0.0,0.008684280636928237
0.0,-0.0040717601975272235
1.0,0.9838390687512628
1.0,0.9790686584798733
0.0,-0.0025966597234582506
0.0,-0.008253847351634609
1.0,0.9657029270249345
0.0,-0.0033525369927357197
0.0,5.994481892434682E-4
0.0,-0.005228114556079583
1.0,0.9984298385355086
0.0,5.193937702973647E-4
0.0,-0.0035180461535749864
0.0,-0.0035798799100595128
0.0,-0.0064185327683449
1.0,0.9623777836739917
1.0,0.9879633731344262
1.0,0.9678306957488049
1.0,0.982526195491745
0.0,-0.005032902487218892
1.0,0.9884200857883395
0.0,-6.190266241570325E-4
0.0,0.004693763202839777
0.0,0.004070207792374606
1.0,0.9991500563138078
1.0,0.9983207897090742
0.0,8.174576055374601E-4
0.0,7.811529188998637E-4
0.0,7.92095499342823E-4
1.0,0.99010996628297
0.0,6.0365563184255E-4
1.0,0.9908975107074067
1.0,0.9996459354298404
1.0,0.9994194073534212
0.0,0.0016653009044330595
1.0,0.9941150183508435
1.0,0.9953501955392002
1.0,0.9996143930831294
1.0,0.9823163941604007
1.0,0.98033064838796
0.0,-1.7851101109737436E-4
0.0,-0.0038991062829702304
0.0,-0.0033645088910419186
0.0,-7.064213573979105E-4
1.0,0.9838197649029028
0.0,-0.005035303253768331
0.0,2.1878310692735828E-4
0.0,-0.0029727065469477747
1.0,0.9876438687262529
0.0,4.2328110559654015E-4
0.0,-0.002623014993845122
0.0,-0.0010883557481107093
1.0,0.9679953899102857
0.0,8.760924474837086E-4
0.0,9.731000474241996E-4
0.0,-0.003917595414667885
1.0,0.9819926650150328
0.0,-9.993351515981568E-4
0.0,0.001376890111521714
0.0,-0.003902903507643431
0.0,-0.0057858315164883035
1.0,0.9839964309386204
0.0,-0.0018730062828592445
0.0,0.0015158047667641794
0.0,-0.0031597750343314154
0.0,-5.033804082077865E-4
1.0,0.9995456906403801
0.0,-0.005714896020050157
0.0,-0.005110701386738049
0.0,-2.0509600580521562E-4
0.0,0.015266216846949964
1.0,0.9849546441585856
1.0,0.997005207487193
1.0,0.999409978585694
0.0,-0.039250161910889814
1.0,0.9863090017556102
0.0,-0.014392525878719295
0.0,-0.029939044425905226
0.0,-0.044500684375715555
1.0,0.9884579341657584
1.0,0.9736147999753849
0.0,-0.07822070679817479
0.0,0.016801854208585983
0.0,0.04499323283697245
1.0,0.9881216657896736
0.0,0.02549321119696293
1.0,0.9524076197507054
1.0,0.993990554261879
1.0,0.9748553874294353
0.0,0.20790120445145738
1.0,0.9832435635626607
0.0,0.0758070736434291
0.0,0.002256635027079745
0.0,-0.018203884143170247
1.0,0.9975571698551308
1.0,0.9983075719356974
0.0,0.03619583096862705
0.0,0.01054745253556357
0.0,0.006972460862595781
1.0,0.9961737735752145
0.0,0.03909951019017468
1.0,0.9985094269724026
1.0,0.9998319237882795
1.0,0.9972402330644887
0.0,-0.013536289038400061
0.0,-0.0016663808415211113
1.0,0.999360279583259
1.0,0.9995161493261244
1.0,0.999788963906719
0.0,-0.0010444356281957927
1.0,0.9998545449050535
0.0,0.0027384606108538856
0.0,-0.0013094757684288378
0.0,-6.137843993184175E-5
1.0,0.999236608681823
1.0,0.9725854220639425
0.0,-2.0477330214118314E-4
0.0,-9.793521262944623E-4
0.0,-2.3880524056274944E-4
1.0,0.999678073718859
0.0,0.0017958187050841467
1.0,0.9690584674613518
1.0,0.9889641377308523
1.0,0.9874544200625496
1.0,0.9936043095342246
0.0,0.0012142896879381812
0.0,4.31211178439928E-4
0.0,6.552571912160678E-4
0.0,8.363420152269847E-4
1.0,0.9768162755536215
0.0,0.0020995900019557946
0.0,4.6711544546915493E-4
0.0,-6.394822522860593E-4
1.0,0.9717252929421856
0.0,0.0015110806403278712
0.0,-7.167486840937407E-4
1.0,0.9936406742970697
1.0,0.9994918647873273
0.0,0.00477077056661407
0.0,-3.3367912494986765E-4
