0,0.0
1,0.0
2,0.0
3,0.0
4,0.0
5,0.0
6,0.0
7,0.0
8,0.0
9,0.0
10,0.0
11,0.0
12,0.0
13,0.0
14,0.0
15,0.09090909090909091
16,0.0
17,0.0
18,0.0
19,0.0
20,0.0
21,0.09090909090909091
22,0.0
23,0.09090909090909091
24,0.09090909090909091
25,0.09090909090909091
26,0.09090909090909091
27,0.0
28,0.09090909090909091
29,0.0
30,0.0
31,0.0
32,0.0
33,0.0
34,0.09090909090909091
35,0.09090909090909091
36,0.0
37,0.0
38,0.09090909090909091
39,0.0
40,0.0
41,0.0
42,0.0
43,0.0
44,0.0
45,0.09090909090909091
46,0.0
47,0.0
48,0.0
49,0.0
50,0.0
51,0.0
52,0.09090909090909091
53,0.09090909090909091
54,0.09090909090909091
55,0.09090909090909091
56,0.0
57,0.0
58,0.0
59,0.0
60,0.0
61,0.0
62,0.09090909090909091
63,0.0
64,0.0
65,0.0
66,0.09090909090909091
67,0.0
68,0.09090909090909091
69,0.09090909090909091
70,0.0
71,0.0
72,0.0
73,0.09090909090909091
74,0.0
75,0.0
76,0.09090909090909091
77,0.0
78,0.09090909090909091
79,0.09090909090909091
80,0.09090909090909091
81,0.0
82,0.0
83,0.0
84,0.0
85,0.09090909090909091
86,0.0
87,0.09090909090909091
88,0.09090909090909091
89,0.09090909090909091
90,0.0
91,0.09090909090909091
92,0.09090909090909091
93,0.0
94,0.0
95,0.09090909090909091
96,0.09090909090909091
97,0.09090909090909091
98,0.0
99,0.0
100,0.09090909090909091
101,0.09090909090909091
102,0.09090909090909091
103,0.0
104,0.09090909090909091
105,0.0
106,0.0
107,0.0
108,0.0
109,0.0
110,0.0
111,0.09090909090909091
112,0.09090909090909091
113,0.0
114,0.0
115,0.09090909090909091
116,0.09090909090909091
117,0.0
118,0.0
119,0.0
120,0.0
121,0.0
122,0.0
123,0.0
124,0.0
125,0.0
126,0.0
127,0.0
128,0.0
129,0.09090909090909091
130,0.09090909090909091
131,0.09090909090909091
132,0.09090909090909091
133,0.0
134,0.0
135,0.0
136,0.0
137,0.0
138,0.0
139,0.0
140,0.09090909090909091
141,0.0
142,0.0
143,0.0
144,0.09090909090909091
145,0.0
146,0.0
147,0.09090909090909091
148,0.0
149,0.09090909090909091
150,0.0
151,0.0
152,0.0
153,0.0
154,0.09090909090909091
155,0.09090909090909091
156,0.09090909090909091
157,0.09090909090909091
158,0.09090909090909091
159,0.09090909090909091
160,0.0
161,0.0
162,0.0
163,0.0
164,0.0
165,0.09090909090909091
166,0.09090909090909091
167,0.09090909090909091
168,0.09090909090909091
169,0.0
170,0.0
171,0.0
172,0.0
173,0.0
174,0.0
175,0.0
176,0.09090909090909091
177,0.09090909090909091
178,0.0
179,0.09090909090909091
180,0.0
181,0.0
182,0.0
183,0.0
184,0.0
185,0.0
186,0.0
187,0.0
188,0.0
189,0.0
190,0.0
191,0.0
192,0.0
193,0.0
194,0.09090909090909091
195,0.0
196,0.09090909090909091
197,0.0
198,0.09090909090909091
199,0.0
200,0.0
201,0.09090909090909091
202,0.09090909090909091
203,0.0
204,0.09090909090909091
205,0.09090909090909091
206,0.0
207,0.0
208,0.0
209,0.09090909090909091
210,0.09090909090909091
211,0.0
212,0.0
213,0.09090909090909091
214,0.09090909090909091
215,0.09090909090909091
216,0.09090909090909091
217,0.0
218,0.0
219,0.0
220,0.0
221,0.0
222,0.09090909090909091
223,0.0
224,0.09090909090909091
225,0.09090909090909091
226,0.09090909090909091
227,0.09090909090909091
228,0.09090909090909091
229,0.0
230,0.09090909090909091
231,0.09090909090909091
232,0.09090909090909091
233,0.09090909090909091
234,0.09090909090909091
235,0.0
236,0.09090909090909091
237,0.0
238,0.09090909090909091
239,0.09090909090909091
240,0.0
241,0.0
242,0.0
243,0.0
244,0.09090909090909091
245,0.09090909090909091
246,0.09090909090909091
247,0.09090909090909091
248,0.09090909090909091
249,0.0
250,0.09090909090909091
251,0.09090909090909091
252,0.09090909090909091
253,0.0
254,0.0
255,0.0
256,0.0
257,0.0
258,0.09090909090909091
259,0.09090909090909091
260,0.09090909090909091
261,0.09090909090909091
262,0.09090909090909091
263,0.09090909090909091
264,0.0
265,0.09090909090909091
266,0.09090909090909091
267,0.09090909090909091
268,0.09090909090909091
269,0.09090909090909091
270,0.09090909090909091
271,0.09090909090909091
272,0.09090909090909091
273,0.09090909090909091
274,0.09090909090909091
275,0.09090909090909091
276,0.09090909090909091
277,0.09090909090909091
278,0.09090909090909091
279,0.0
280,0.0
281,0.0
282,0.0
283,0.0
284,0.0
285,0.09090909090909091
286,0.09090909090909091
287,0.09090909090909091
288,0.09090909090909091
289,0.09090909090909091
290,0.09090909090909091
291,0.0
292,0.09090909090909091
293,0.09090909090909091
294,0.09090909090909091
295,0.0
296,0.0
297,0.0
298,0.0
299,0.09090909090909091
300,0.09090909090909091
301,0.09090909090909091
302,0.09090909090909091
303,0.09090909090909091
304,0.09090909090909091
305,0.0
306,0.09090909090909091
307,0.09090909090909091
308,0.09090909090909091
309,0.09090909090909091
310,0.09090909090909091
311,0.09090909090909091
312,0.0
313,0.0
314,0.0
315,0.0
316,0.0
317,0.0
318,0.09090909090909091
319,0.0
320,0.0
321,0.0
322,0.0
323,0.0
324,0.0
325,0.0
326,0.0
327,0.0
328,0.0
329,0.09090909090909091
330,0.0
331,0.09090909090909091
332,0.0
333,0.0
334,0.0
335,0.0
336,0.0
337,0.09090909090909091
338,0.0
339,0.0
340,0.0
341,0.0
342,0.0
343,0.0
344,0.09090909090909091
345,0.0
346,0.09090909090909091
347,0.09090909090909091
348,0.09090909090909091
349,0.09090909090909091
350,0.09090909090909091
351,0.09090909090909091
352,0.09090909090909091
353,0.09090909090909091
354,0.09090909090909091
355,0.09090909090909091
356,0.09090909090909091
357,0.09090909090909091
358,0.09090909090909091
359,0.09090909090909091
360,0.09090909090909091
361,0.09090909090909091
362,0.09090909090909091
363,0.0
364,0.09090909090909091
365,0.09090909090909091
366,0.09090909090909091
367,0.09090909090909091
368,0.09090909090909091
369,0.09090909090909091
370,0.09090909090909091
371,0.09090909090909091
372,0.09090909090909091
373,0.0
374,0.09090909090909091
375,0.09090909090909091
376,0.09090909090909091
377,0.09090909090909091
378,0.09090909090909091
379,0.09090909090909091
380,0.09090909090909091
381,0.09090909090909091
382,0.09090909090909091
383,0.09090909090909091
384,0.0
385,0.0
386,0.09090909090909091
387,0.09090909090909091
388,0.09090909090909091
389,0.09090909090909091
390,0.09090909090909091
391,0.09090909090909091
392,0.0
393,0.09090909090909091
394,0.09090909090909091
395,0.09090909090909091
396,0.09090909090909091
397,0.09090909090909091
398,0.0
399,0.0
400,0.0
401,0.0
402,0.09090909090909091
403,0.09090909090909091
404,0.09090909090909091
405,0.09090909090909091
406,0.09090909090909091
407,0.09090909090909091
408,0.09090909090909091
409,0.09090909090909091
410,0.09090909090909091
411,0.09090909090909091
412,0.09090909090909091
413,0.0
414,0.0
415,0.0
416,0.09090909090909091
417,0.09090909090909091
418,0.09090909090909091
419,0.0
420,0.0
421,0.09090909090909091
422,0.0
423,0.0
424,0.0
425,0.0
426,0.09090909090909091
427,0.09090909090909091
428,0.09090909090909091
429,0.09090909090909091
430,0.09090909090909091
431,0.09090909090909091
432,0.09090909090909091
433,0.09090909090909091
434,0.09090909090909091
435,0.09090909090909091
436,0.09090909090909091
437,0.0
438,0.09090909090909091
439,0.0
440,0.0
441,0.0
442,0.09090909090909091
443,0.0
444,0.0
445,0.09090909090909091
446,0.0
447,0.09090909090909091
448,0.0
449,0.0
450,0.09090909090909091
451,0.09090909090909091
452,0.09090909090909091
453,0.09090909090909091
454,0.09090909090909091
455,0.09090909090909091
456,0.09090909090909091
457,0.09090909090909091
458,0.09090909090909091
459,0.09090909090909091
460,0.09090909090909091
461,0.09090909090909091
462,0.09090909090909091
463,0.09090909090909091
464,0.09090909090909091
465,0.09090909090909091
466,0.09090909090909091
467,0.09090909090909091
468,0.09090909090909091
469,0.09090909090909091
470,0.0
471,0.09090909090909091
472,0.09090909090909091
473,0.09090909090909091
474,0.09090909090909091
475,0.09090909090909091
476,0.09090909090909091
477,0.09090909090909091
478,0.09090909090909091
479,0.09090909090909091
480,0.09090909090909091
481,0.09090909090909091
482,0.0
483,0.0
484,0.0
485,0.09090909090909091
486,0.09090909090909091
487,0.09090909090909091
488,0.09090909090909091
489,0.09090909090909091
490,0.0
491,0.0
492,0.0
493,0.09090909090909091
494,0.0
495,0.0
496,0.09090909090909091
497,0.09090909090909091
498,0.09090909090909091
499,0.09090909090909091
500,0.09090909090909091
501,0.09090909090909091
502,0.09090909090909091
503,0.09090909090909091
504,0.09090909090909091
505,0.09090909090909091
506,0.09090909090909091
507,0.09090909090909091
508,0.09090909090909091
509,0.09090909090909091
510,0.09090909090909091
511,0.09090909090909091
512,0.09090909090909091
513,0.09090909090909091
514,0.09090909090909091
515,0.09090909090909091
516,0.09090909090909091
517,0.09090909090909091
518,0.09090909090909091
519,0.09090909090909091
520,0.0
521,0.09090909090909091
522,0.0
523,0.0
524,0.0
525,0.0
526,0.09090909090909091
527,0.09090909090909091
528,0.09090909090909091
529,0.0
530,0.09090909090909091
531,0.09090909090909091
532,0.09090909090909091
533,0.09090909090909091
534,0.09090909090909091
535,0.09090909090909091
536,0.09090909090909091
537,0.09090909090909091
538,0.09090909090909091
539,0.09090909090909091
540,0.09090909090909091
541,0.09090909090909091
542,0.09090909090909091
543,0.09090909090909091
544,0.09090909090909091
545,0.09090909090909091
546,0.09090909090909091
547,0.09090909090909091
548,0.09090909090909091
549,0.09090909090909091
550,0.0
551,0.09090909090909091
552,0.09090909090909091
553,0.09090909090909091
554,0.09090909090909091
555,0.09090909090909091
556,0.09090909090909091
557,0.09090909090909091
558,0.09090909090909091
559,0.09090909090909091
560,0.09090909090909091
561,0.09090909090909091
562,0.09090909090909091
563,0.09090909090909091
564,0.09090909090909091
565,0.09090909090909091
566,0.09090909090909091
567,0.09090909090909091
568,0.09090909090909091
569,0.09090909090909091
570,0.09090909090909091
571,0.09090909090909091
572,0.09090909090909091
573,0.09090909090909091
574,0.09090909090909091
575,0.09090909090909091
576,0.09090909090909091
577,0.09090909090909091
578,0.09090909090909091
579,0.09090909090909091
580,0.09090909090909091
581,0.09090909090909091
582,0.09090909090909091
583,0.09090909090909091
584,0.09090909090909091
585,0.09090909090909091
586,0.09090909090909091
587,0.09090909090909091
588,0.09090909090909091
589,0.09090909090909091
590,0.09090909090909091
591,0.09090909090909091
592,0.0
593,0.09090909090909091
594,0.09090909090909091
595,0.09090909090909091
596,0.09090909090909091
597,0.09090909090909091
598,0.09090909090909091
599,0.09090909090909091
600,0.09090909090909091
601,0.09090909090909091
602,0.09090909090909091
603,0.09090909090909091
604,0.09090909090909091
605,0.09090909090909091
606,0.09090909090909091
607,0.09090909090909091
608,0.09090909090909091
609,0.09090909090909091
610,0.09090909090909091
611,0.09090909090909091
612,0.09090909090909091
613,0.09090909090909091
614,0.09090909090909091
615,0.09090909090909091
616,0.09090909090909091
617,0.0
618,0.09090909090909091
619,0.09090909090909091
620,0.09090909090909091
621,0.09090909090909091
622,0.09090909090909091
623,0.09090909090909091
624,0.09090909090909091
625,0.09090909090909091
626,0.09090909090909091
627,0.09090909090909091
628,0.09090909090909091
629,0.09090909090909091
630,0.09090909090909091
631,0.09090909090909091
632,0.09090909090909091
633,0.09090909090909091
634,0.09090909090909091
635,0.09090909090909091
636,0.09090909090909091
637,0.09090909090909091
638,0.09090909090909091
639,0.09090909090909091
640,0.09090909090909091
641,0.09090909090909091
642,0.09090909090909091
643,0.09090909090909091
644,0.09090909090909091
645,0.09090909090909091
646,0.09090909090909091
647,0.09090909090909091
648,0.09090909090909091
649,0.09090909090909091
650,0.09090909090909091
651,0.09090909090909091
652,0.09090909090909091
653,0.09090909090909091
654,0.0
655,0.09090909090909091
656,0.09090909090909091
657,0.09090909090909091
658,0.09090909090909091
659,0.09090909090909091
660,0.09090909090909091
661,0.09090909090909091
662,0.09090909090909091
663,0.09090909090909091
664,0.09090909090909091
665,0.09090909090909091
666,0.09090909090909091
667,0.09090909090909091
668,0.09090909090909091
669,0.09090909090909091
670,0.09090909090909091
671,0.09090909090909091
672,0.09090909090909091
673,0.09090909090909091
674,0.09090909090909091
675,0.09090909090909091
676,0.09090909090909091
677,0.09090909090909091
678,0.09090909090909091
679,0.09090909090909091
680,0.09090909090909091
681,0.09090909090909091
682,0.09090909090909091
683,0.09090909090909091
684,0.09090909090909091
685,0.09090909090909091
686,0.09090909090909091
687,0.09090909090909091
688,0.09090909090909091
689,0.09090909090909091
690,0.09090909090909091
691,0.09090909090909091
692,0.09090909090909091
693,0.09090909090909091
694,0.09090909090909091
695,0.09090909090909091
696,0.09090909090909091
697,0.09090909090909091
698,0.09090909090909091
699,0.09090909090909091
700,0.09090909090909091
701,0.09090909090909091
702,0.09090909090909091
703,0.09090909090909091
704,0.09090909090909091
705,0.09090909090909091
706,0.09090909090909091
707,0.09090909090909091
708,0.09090909090909091
709,0.09090909090909091
710,0.09090909090909091
711,0.09090909090909091
712,0.09090909090909091
713,0.09090909090909091
714,0.09090909090909091
715,0.09090909090909091
716,0.09090909090909091
717,0.09090909090909091
718,0.09090909090909091
719,0.09090909090909091
720,0.09090909090909091
721,0.09090909090909091
722,0.09090909090909091
723,0.09090909090909091
724,0.09090909090909091
725,0.09090909090909091
726,0.09090909090909091
727,0.09090909090909091
728,0.09090909090909091
729,0.09090909090909091
730,0.09090909090909091
731,0.09090909090909091
732,0.09090909090909091
733,0.09090909090909091
734,0.09090909090909091
735,0.09090909090909091
736,0.09090909090909091
737,0.09090909090909091
738,0.09090909090909091
739,0.09090909090909091
740,0.09090909090909091
741,0.09090909090909091
742,0.09090909090909091
743,0.09090909090909091
744,0.09090909090909091
745,0.09090909090909091
746,0.09090909090909091
747,0.09090909090909091
748,0.09090909090909091
749,0.09090909090909091
750,0.09090909090909091
751,0.09090909090909091
752,0.09090909090909091
753,0.09090909090909091
754,0.09090909090909091
755,0.09090909090909091
756,0.09090909090909091
757,0.09090909090909091
758,0.09090909090909091
759,0.09090909090909091
760,0.09090909090909091
761,0.09090909090909091
762,0.09090909090909091
763,0.09090909090909091
764,0.09090909090909091
765,0.09090909090909091
766,0.09090909090909091
767,0.09090909090909091
768,0.09090909090909091
769,0.09090909090909091
770,0.09090909090909091
771,0.09090909090909091
772,0.09090909090909091
773,0.09090909090909091
774,0.09090909090909091
775,0.09090909090909091
776,0.09090909090909091
777,0.09090909090909091
778,0.09090909090909091
779,0.09090909090909091
780,0.09090909090909091
781,0.09090909090909091
782,0.09090909090909091
783,0.09090909090909091
784,0.09090909090909091
785,0.09090909090909091
786,0.09090909090909091
787,0.09090909090909091
788,0.09090909090909091
789,0.09090909090909091
790,0.09090909090909091
791,0.09090909090909091
792,0.09090909090909091
793,0.09090909090909091
794,0.09090909090909091
795,0.09090909090909091
796,0.09090909090909091
797,0.09090909090909091
798,0.09090909090909091
799,0.09090909090909091
800,0.09090909090909091
801,0.09090909090909091
802,0.09090909090909091
803,0.09090909090909091
804,0.09090909090909091
805,0.09090909090909091
806,0.09090909090909091
807,0.09090909090909091
808,0.09090909090909091
809,0.09090909090909091
810,0.09090909090909091
811,0.09090909090909091
812,0.09090909090909091
813,0.09090909090909091
814,0.09090909090909091
815,0.09090909090909091
816,0.09090909090909091
817,0.09090909090909091
818,0.09090909090909091
819,0.09090909090909091
820,0.09090909090909091
821,0.09090909090909091
822,0.09090909090909091
823,0.09090909090909091
824,0.09090909090909091
825,0.09090909090909091
826,0.09090909090909091
827,0.09090909090909091
828,0.09090909090909091
829,0.09090909090909091
830,0.09090909090909091
831,0.09090909090909091
832,0.09090909090909091
833,0.09090909090909091
834,0.09090909090909091
835,0.09090909090909091
836,0.09090909090909091
837,0.09090909090909091
838,0.09090909090909091
839,0.09090909090909091
840,0.09090909090909091
841,0.09090909090909091
842,0.09090909090909091
843,0.09090909090909091
844,0.09090909090909091
845,0.09090909090909091
846,0.09090909090909091
847,0.09090909090909091
848,0.09090909090909091
849,0.09090909090909091
850,0.09090909090909091
851,0.09090909090909091
852,0.09090909090909091
853,0.09090909090909091
854,0.09090909090909091
855,0.09090909090909091
856,0.09090909090909091
857,0.09090909090909091
858,0.09090909090909091
859,0.09090909090909091
860,0.09090909090909091
861,0.09090909090909091
862,0.09090909090909091
863,0.09090909090909091
864,0.09090909090909091
865,0.09090909090909091
866,0.09090909090909091
867,0.09090909090909091
868,0.09090909090909091
869,0.09090909090909091
870,0.09090909090909091
871,0.09090909090909091
872,0.09090909090909091
873,0.09090909090909091
874,0.09090909090909091
875,0.09090909090909091
876,0.09090909090909091
877,0.09090909090909091
878,0.09090909090909091
879,0.09090909090909091
880,0.09090909090909091
881,0.09090909090909091
882,0.09090909090909091
883,0.09090909090909091
884,0.09090909090909091
885,0.09090909090909091
886,0.09090909090909091
887,0.09090909090909091
888,0.09090909090909091
889,0.09090909090909091
890,0.09090909090909091
891,0.09090909090909091
892,0.09090909090909091
893,0.09090909090909091
894,0.09090909090909091
895,0.09090909090909091
896,0.09090909090909091
897,0.09090909090909091
898,0.09090909090909091
899,0.09090909090909091
900,0.09090909090909091
901,0.09090909090909091
902,0.09090909090909091
903,0.09090909090909091
904,0.09090909090909091
905,0.09090909090909091
906,0.09090909090909091
907,0.09090909090909091
908,0.09090909090909091
909,0.09090909090909091
910,0.09090909090909091
911,0.09090909090909091
912,0.09090909090909091
913,0.09090909090909091
914,0.09090909090909091
915,0.09090909090909091
916,0.09090909090909091
917,0.09090909090909091
918,0.09090909090909091
919,0.09090909090909091
920,0.09090909090909091
921,0.09090909090909091
922,0.09090909090909091
923,0.09090909090909091
924,0.09090909090909091
925,0.09090909090909091
926,0.09090909090909091
927,0.09090909090909091
928,0.09090909090909091
929,0.09090909090909091
930,0.09090909090909091
931,0.09090909090909091
932,0.09090909090909091
933,0.09090909090909091
934,0.09090909090909091
935,0.09090909090909091
936,0.09090909090909091
937,0.09090909090909091
938,0.09090909090909091
939,0.09090909090909091
940,0.09090909090909091
941,0.09090909090909091
942,0.09090909090909091
943,0.09090909090909091
944,0.09090909090909091
945,0.09090909090909091
946,0.09090909090909091
947,0.09090909090909091
948,0.09090909090909091
949,0.09090909090909091
950,0.09090909090909091
951,0.09090909090909091
952,0.09090909090909091
953,0.09090909090909091
954,0.09090909090909091
955,0.09090909090909091
956,0.09090909090909091
957,0.09090909090909091
958,0.09090909090909091
959,0.09090909090909091
960,0.09090909090909091
961,0.09090909090909091
962,0.09090909090909091
963,0.09090909090909091
964,0.09090909090909091
965,0.09090909090909091
966,0.09090909090909091
967,0.09090909090909091
968,0.09090909090909091
969,0.09090909090909091
970,0.09090909090909091
971,0.09090909090909091
972,0.09090909090909091
973,0.09090909090909091
974,0.09090909090909091
975,0.09090909090909091
976,0.09090909090909091
977,0.09090909090909091
978,0.09090909090909091
979,0.09090909090909091
980,0.09090909090909091
981,0.09090909090909091
982,0.09090909090909091
983,0.09090909090909091
984,0.09090909090909091
985,0.09090909090909091
986,0.09090909090909091
987,0.09090909090909091
988,0.09090909090909091
989,0.09090909090909091
990,0.09090909090909091
991,0.09090909090909091
992,0.09090909090909091
993,0.09090909090909091
994,0.09090909090909091
995,0.09090909090909091
996,0.09090909090909091
997,0.09090909090909091
998,0.09090909090909091
999,0.09090909090909091
1000,0.09090909090909091
1001,0.09090909090909091
1002,0.09090909090909091
1003,0.09090909090909091
1004,0.09090909090909091
1005,0.09090909090909091
1006,0.09090909090909091
1007,0.09090909090909091
1008,0.09090909090909091
1009,0.09090909090909091
1010,0.09090909090909091
1011,0.09090909090909091
1012,0.09090909090909091
1013,0.09090909090909091
1014,0.09090909090909091
1015,0.09090909090909091
1016,0.09090909090909091
1017,0.09090909090909091
1018,0.09090909090909091
1019,0.09090909090909091
1020,0.09090909090909091
1021,0.09090909090909091
1022,0.09090909090909091
1023,0.09090909090909091
1024,0.09090909090909091
1025,0.09090909090909091
1026,0.09090909090909091
1027,0.09090909090909091
1028,0.09090909090909091
1029,0.09090909090909091
1030,0.09090909090909091
1031,0.09090909090909091
1032,0.09090909090909091
1033,0.09090909090909091
1034,0.09090909090909091
1035,0.09090909090909091
1036,0.09090909090909091
1037,0.09090909090909091
1038,0.09090909090909091
1039,0.09090909090909091
1040,0.09090909090909091
1041,0.09090909090909091
1042,0.09090909090909091
1043,0.09090909090909091
1044,0.09090909090909091
1045,0.09090909090909091
1046,0.09090909090909091
1047,0.09090909090909091
1048,0.09090909090909091
1049,0.09090909090909091
1050,0.09090909090909091
1051,0.09090909090909091
1052,0.09090909090909091
1053,0.09090909090909091
1054,0.09090909090909091
1055,0.09090909090909091
1056,0.09090909090909091
1057,0.09090909090909091
1058,0.09090909090909091
1059,0.09090909090909091
1060,0.09090909090909091
1061,0.09090909090909091
1062,0.09090909090909091
1063,0.09090909090909091
1064,0.09090909090909091
1065,0.09090909090909091
1066,0.09090909090909091
1067,0.09090909090909091
1068,0.09090909090909091
1069,0.09090909090909091
1070,0.09090909090909091
1071,0.09090909090909091
1072,0.09090909090909091
1073,0.09090909090909091
1074,0.09090909090909091
1075,0.09090909090909091
1076,0.09090909090909091
1077,0.09090909090909091
1078,0.09090909090909091
1079,0.09090909090909091
1080,0.09090909090909091
1081,0.09090909090909091
1082,0.09090909090909091
1083,0.09090909090909091
1084,0.09090909090909091
1085,0.09090909090909091
1086,0.09090909090909091
1087,0.09090909090909091
1088,0.09090909090909091
1089,0.09090909090909091
1090,0.09090909090909091
1091,0.09090909090909091
1092,0.09090909090909091
1093,0.09090909090909091
1094,0.09090909090909091
1095,0.09090909090909091
1096,0.09090909090909091
1097,0.09090909090909091
1098,0.09090909090909091
1099,0.09090909090909091
1100,0.09090909090909091
1101,0.09090909090909091
1102,0.09090909090909091
1103,0.09090909090909091
1104,0.09090909090909091
1105,0.09090909090909091
1106,0.09090909090909091
1107,0.09090909090909091
1108,0.09090909090909091
1109,0.09090909090909091
1110,0.09090909090909091
1111,0.09090909090909091
1112,0.09090909090909091
1113,0.09090909090909091
1114,0.09090909090909091
1115,0.09090909090909091
1116,0.09090909090909091
1117,0.09090909090909091
1118,0.09090909090909091
1119,0.09090909090909091
1120,0.09090909090909091
1121,0.09090909090909091
1122,0.09090909090909091
1123,0.09090909090909091
1124,0.09090909090909091
1125,0.09090909090909091
1126,0.09090909090909091
1127,0.09090909090909091
1128,0.09090909090909091
1129,0.09090909090909091
1130,0.09090909090909091
1131,0.09090909090909091
1132,0.09090909090909091
1133,0.09090909090909091
1134,0.09090909090909091
1135,0.09090909090909091
1136,0.09090909090909091
1137,0.09090909090909091
1138,0.09090909090909091
1139,0.09090909090909091
1140,0.09090909090909091
1141,0.09090909090909091
1142,0.09090909090909091
1143,0.09090909090909091
1144,0.09090909090909091
1145,0.09090909090909091
1146,0.09090909090909091
1147,0.09090909090909091
1148,0.09090909090909091
1149,0.09090909090909091
1150,0.09090909090909091
1151,0.09090909090909091
1152,0.09090909090909091
1153,0.09090909090909091
1154,0.09090909090909091
1155,0.09090909090909091
1156,0.09090909090909091
1157,0.09090909090909091
1158,0.09090909090909091
1159,0.09090909090909091
1160,0.09090909090909091
1161,0.09090909090909091
1162,0.09090909090909091
1163,0.09090909090909091
1164,0.09090909090909091
1165,0.09090909090909091
1166,0.09090909090909091
1167,0.09090909090909091
1168,0.09090909090909091
1169,0.09090909090909091
1170,0.09090909090909091
1171,0.09090909090909091
1172,0.09090909090909091
1173,0.09090909090909091
1174,0.09090909090909091
1175,0.09090909090909091
1176,0.09090909090909091
1177,0.09090909090909091
1178,0.09090909090909091
1179,0.09090909090909091
1180,0.09090909090909091
1181,0.09090909090909091
1182,0.09090909090909091
1183,0.09090909090909091
1184,0.09090909090909091
1185,0.09090909090909091
1186,0.09090909090909091
1187,0.09090909090909091
1188,0.09090909090909091
1189,0.09090909090909091
1190,0.09090909090909091
1191,0.09090909090909091
1192,0.09090909090909091
1193,0.09090909090909091
1194,0.09090909090909091
1195,0.09090909090909091
1196,0.09090909090909091
1197,0.09090909090909091
1198,0.09090909090909091
1199,0.09090909090909091
1200,0.09090909090909091
1201,0.09090909090909091
1202,0.09090909090909091
1203,0.09090909090909091
1204,0.09090909090909091
1205,0.09090909090909091
1206,0.09090909090909091
1207,0.09090909090909091
1208,0.09090909090909091
1209,0.09090909090909091
1210,0.09090909090909091
1211,0.09090909090909091
1212,0.09090909090909091
1213,0.09090909090909091
1214,0.09090909090909091
1215,0.09090909090909091
1216,0.09090909090909091
1217,0.09090909090909091
1218,0.09090909090909091
1219,0.09090909090909091
1220,0.09090909090909091
1221,0.09090909090909091
1222,0.09090909090909091
1223,0.09090909090909091
1224,0.09090909090909091
1225,0.09090909090909091
1226,0.09090909090909091
1227,0.09090909090909091
1228,0.09090909090909091
1229,0.09090909090909091
1230,0.09090909090909091
1231,0.09090909090909091
1232,0.09090909090909091
1233,0.09090909090909091
1234,0.09090909090909091
1235,0.09090909090909091
1236,0.09090909090909091
1237,0.09090909090909091
1238,0.09090909090909091
1239,0.09090909090909091
1240,0.09090909090909091
1241,0.09090909090909091
1242,0.09090909090909091
1243,0.09090909090909091
1244,0.09090909090909091
1245,0.09090909090909091
1246,0.09090909090909091
1247,0.09090909090909091
1248,0.09090909090909091
1249,0.09090909090909091
1250,0.09090909090909091
1251,0.09090909090909091
1252,0.09090909090909091
1253,0.09090909090909091
1254,0.09090909090909091
1255,0.09090909090909091
1256,0.09090909090909091
1257,0.09090909090909091
1258,0.09090909090909091
1259,0.09090909090909091
1260,0.09090909090909091
1261,0.09090909090909091
1262,0.09090909090909091
1263,0.09090909090909091
1264,0.09090909090909091
1265,0.09090909090909091
1266,0.09090909090909091
1267,0.09090909090909091
1268,0.09090909090909091
1269,0.09090909090909091
1270,0.09090909090909091
1271,0.09090909090909091
1272,0.09090909090909091
1273,0.09090909090909091
1274,0.09090909090909091
1275,0.09090909090909091
1276,0.09090909090909091
1277,0.09090909090909091
1278,0.09090909090909091
1279,0.09090909090909091
1280,0.09090909090909091
1281,0.09090909090909091
1282,0.09090909090909091
1283,0.09090909090909091
1284,0.09090909090909091
1285,0.09090909090909091
1286,0.09090909090909091
1287,0.09090909090909091
1288,0.09090909090909091
1289,0.09090909090909091
1290,0.09090909090909091
1291,0.09090909090909091
1292,0.09090909090909091
1293,0.09090909090909091
1294,0.09090909090909091
1295,0.09090909090909091
1296,0.09090909090909091
1297,0.09090909090909091
1298,0.09090909090909091
1299,0.09090909090909091
1300,0.09090909090909091
1301,0.09090909090909091
1302,0.09090909090909091
1303,0.09090909090909091
1304,0.09090909090909091
1305,0.09090909090909091
1306,0.09090909090909091
1307,0.09090909090909091
1308,0.09090909090909091
1309,0.09090909090909091
1310,0.09090909090909091
1311,0.09090909090909091
1312,0.09090909090909091
1313,0.09090909090909091
1314,0.09090909090909091
1315,0.09090909090909091
1316,0.09090909090909091
1317,0.09090909090909091
1318,0.09090909090909091
1319,0.09090909090909091
1320,0.09090909090909091
1321,0.09090909090909091
1322,0.09090909090909091
1323,0.09090909090909091
1324,0.09090909090909091
1325,0.09090909090909091
1326,0.09090909090909091
1327,0.09090909090909091
1328,0.09090909090909091
1329,0.09090909090909091
1330,0.09090909090909091
1331,0.09090909090909091
1332,0.09090909090909091
1333,0.09090909090909091
1334,0.09090909090909091
1335,0.09090909090909091
1336,0.09090909090909091
1337,0.09090909090909091
1338,0.09090909090909091
1339,0.09090909090909091
1340,0.09090909090909091
1341,0.09090909090909091
1342,0.09090909090909091
1343,0.09090909090909091
1344,0.09090909090909091
1345,0.09090909090909091
1346,0.09090909090909091
1347,0.09090909090909091
1348,0.09090909090909091
1349,0.09090909090909091
1350,0.09090909090909091
1351,0.09090909090909091
1352,0.09090909090909091
1353,0.09090909090909091
1354,0.09090909090909091
1355,0.09090909090909091
1356,0.09090909090909091
1357,0.09090909090909091
1358,0.09090909090909091
1359,0.09090909090909091
1360,0.09090909090909091
1361,0.09090909090909091
1362,0.09090909090909091
1363,0.09090909090909091
1364,0.09090909090909091
1365,0.09090909090909091
1366,0.09090909090909091
1367,0.09090909090909091
1368,0.09090909090909091
1369,0.09090909090909091
1370,0.09090909090909091
1371,0.09090909090909091
1372,0.09090909090909091
1373,0.09090909090909091
1374,0.09090909090909091
1375,0.09090909090909091
1376,0.09090909090909091
1377,0.09090909090909091
1378,0.09090909090909091
1379,0.09090909090909091
1380,0.09090909090909091
1381,0.09090909090909091
1382,0.09090909090909091
1383,0.09090909090909091
1384,0.09090909090909091
1385,0.09090909090909091
1386,0.09090909090909091
1387,0.09090909090909091
1388,0.09090909090909091
1389,0.09090909090909091
1390,0.09090909090909091
1391,0.09090909090909091
1392,0.09090909090909091
1393,0.09090909090909091
1394,0.09090909090909091
1395,0.09090909090909091
1396,0.09090909090909091
1397,0.09090909090909091
1398,0.09090909090909091
1399,0.09090909090909091
1400,0.09090909090909091
1401,0.09090909090909091
1402,0.09090909090909091
1403,0.09090909090909091
1404,0.09090909090909091
1405,0.09090909090909091
1406,0.09090909090909091
1407,0.09090909090909091
1408,0.09090909090909091
1409,0.09090909090909091
1410,0.09090909090909091
1411,0.09090909090909091
1412,0.09090909090909091
1413,0.09090909090909091
1414,0.09090909090909091
1415,0.09090909090909091
1416,0.09090909090909091
1417,0.09090909090909091
1418,0.09090909090909091
1419,0.09090909090909091
1420,0.09090909090909091
1421,0.09090909090909091
1422,0.09090909090909091
1423,0.09090909090909091
1424,0.09090909090909091
1425,0.09090909090909091
1426,0.09090909090909091
1427,0.09090909090909091
1428,0.09090909090909091
1429,0.09090909090909091
1430,0.09090909090909091
1431,0.09090909090909091
1432,0.09090909090909091
1433,0.09090909090909091
1434,0.09090909090909091
1435,0.09090909090909091
1436,0.09090909090909091
1437,0.09090909090909091
1438,0.09090909090909091
1439,0.09090909090909091
1440,0.09090909090909091
1441,0.09090909090909091
1442,0.09090909090909091
1443,0.09090909090909091
1444,0.09090909090909091
1445,0.09090909090909091
1446,0.09090909090909091
1447,0.09090909090909091
1448,0.09090909090909091
1449,0.09090909090909091
1450,0.09090909090909091
1451,0.09090909090909091
1452,0.09090909090909091
1453,0.09090909090909091
1454,0.09090909090909091
1455,0.09090909090909091
1456,0.09090909090909091
1457,0.09090909090909091
1458,0.09090909090909091
1459,0.09090909090909091
1460,0.09090909090909091
1461,0.09090909090909091
1462,0.09090909090909091
1463,0.09090909090909091
1464,0.09090909090909091
1465,0.09090909090909091
1466,0.09090909090909091
1467,0.09090909090909091
1468,0.09090909090909091
1469,0.09090909090909091
1470,0.09090909090909091
1471,0.09090909090909091
1472,0.09090909090909091
1473,0.09090909090909091
1474,0.09090909090909091
1475,0.09090909090909091
1476,0.09090909090909091
1477,0.09090909090909091
1478,0.09090909090909091
1479,0.09090909090909091
1480,0.09090909090909091
1481,0.09090909090909091
1482,0.09090909090909091
1483,0.09090909090909091
1484,0.09090909090909091
1485,0.09090909090909091
1486,0.09090909090909091
1487,0.09090909090909091
1488,0.09090909090909091
1489,0.09090909090909091
1490,0.09090909090909091
1491,0.09090909090909091
1492,0.09090909090909091
1493,0.09090909090909091
1494,0.09090909090909091
1495,0.09090909090909091
1496,0.09090909090909091
1497,0.09090909090909091
1498,0.09090909090909091
1499,0.09090909090909091
1500,0.09090909090909091
1501,0.09090909090909091
1502,0.09090909090909091
1503,0.09090909090909091
1504,0.09090909090909091
1505,0.09090909090909091
1506,0.09090909090909091
1507,0.09090909090909091
1508,0.09090909090909091
1509,0.09090909090909091
1510,0.09090909090909091
1511,0.09090909090909091
1512,0.18181818181818182
1513,0.18181818181818182
1514,0.09090909090909091
1515,0.09090909090909091
1516,0.09090909090909091
1517,0.18181818181818182
1518,0.18181818181818182
1519,0.18181818181818182
1520,0.18181818181818182
1521,0.18181818181818182
1522,0.18181818181818182
1523,0.18181818181818182
1524,0.18181818181818182
1525,0.18181818181818182
1526,0.2727272727272727
1527,0.2727272727272727
1528,0.18181818181818182
1529,0.2727272727272727
1530,0.18181818181818182
1531,0.2727272727272727
1532,0.2727272727272727
1533,0.18181818181818182
1534,0.18181818181818182
1535,0.18181818181818182
1536,0.18181818181818182
1537,0.2727272727272727
1538,0.2727272727272727
1539,0.2727272727272727
1540,0.2727272727272727
1541,0.2727272727272727
1542,0.18181818181818182
1543,0.18181818181818182
1544,0.18181818181818182
1545,0.2727272727272727
1546,0.2727272727272727
1547,0.2727272727272727
1548,0.2727272727272727
1549,0.2727272727272727
1550,0.2727272727272727
1551,0.2727272727272727
1552,0.2727272727272727
1553,0.2727272727272727
1554,0.2727272727272727
1555,0.2727272727272727
1556,0.2727272727272727
1557,0.2727272727272727
1558,0.2727272727272727
1559,0.2727272727272727
1560,0.2727272727272727
1561,0.2727272727272727
1562,0.2727272727272727
1563,0.2727272727272727
1564,0.2727272727272727
1565,0.2727272727272727
1566,0.2727272727272727
1567,0.2727272727272727
1568,0.2727272727272727
1569,0.2727272727272727
1570,0.2727272727272727
1571,0.2727272727272727
1572,0.2727272727272727
1573,0.2727272727272727
1574,0.2727272727272727
1575,0.2727272727272727
1576,0.2727272727272727
1577,0.2727272727272727
1578,0.2727272727272727
1579,0.2727272727272727
1580,0.2727272727272727
1581,0.2727272727272727
1582,0.2727272727272727
1583,0.2727272727272727
1584,0.2727272727272727
1585,0.2727272727272727
1586,0.2727272727272727
1587,0.2727272727272727
1588,0.2727272727272727
1589,0.2727272727272727
1590,0.2727272727272727
1591,0.2727272727272727
1592,0.2727272727272727
1593,0.2727272727272727
1594,0.2727272727272727
1595,0.2727272727272727
1596,0.2727272727272727
1597,0.2727272727272727
1598,0.2727272727272727
1599,0.2727272727272727
1600,0.2727272727272727
1601,0.2727272727272727
1602,0.2727272727272727
1603,0.2727272727272727
1604,0.2727272727272727
1605,0.2727272727272727
1606,0.2727272727272727
1607,0.2727272727272727
1608,0.2727272727272727
1609,0.2727272727272727
1610,0.2727272727272727
1611,0.2727272727272727
1612,0.2727272727272727
1613,0.2727272727272727
1614,0.2727272727272727
1615,0.2727272727272727
1616,0.2727272727272727
1617,0.2727272727272727
1618,0.2727272727272727
1619,0.2727272727272727
1620,0.2727272727272727
1621,0.2727272727272727
1622,0.2727272727272727
1623,0.2727272727272727
1624,0.2727272727272727
1625,0.2727272727272727
1626,0.2727272727272727
1627,0.2727272727272727
1628,0.2727272727272727
1629,0.2727272727272727
1630,0.2727272727272727
1631,0.2727272727272727
1632,0.2727272727272727
1633,0.2727272727272727
1634,0.2727272727272727
1635,0.2727272727272727
1636,0.2727272727272727
1637,0.2727272727272727
1638,0.2727272727272727
1639,0.2727272727272727
1640,0.2727272727272727
1641,0.2727272727272727
1642,0.2727272727272727
1643,0.2727272727272727
1644,0.2727272727272727
1645,0.2727272727272727
1646,0.2727272727272727
1647,0.2727272727272727
1648,0.2727272727272727
1649,0.2727272727272727
1650,0.2727272727272727
1651,0.2727272727272727
1652,0.2727272727272727
1653,0.2727272727272727
1654,0.2727272727272727
1655,0.2727272727272727
1656,0.2727272727272727
1657,0.2727272727272727
1658,0.2727272727272727
1659,0.2727272727272727
1660,0.2727272727272727
1661,0.2727272727272727
1662,0.2727272727272727
1663,0.2727272727272727
1664,0.2727272727272727
1665,0.2727272727272727
1666,0.2727272727272727
1667,0.2727272727272727
1668,0.2727272727272727
1669,0.2727272727272727
1670,0.2727272727272727
1671,0.2727272727272727
1672,0.2727272727272727
1673,0.2727272727272727
1674,0.2727272727272727
1675,0.2727272727272727
1676,0.2727272727272727
1677,0.2727272727272727
1678,0.2727272727272727
1679,0.2727272727272727
1680,0.2727272727272727
1681,0.2727272727272727
1682,0.2727272727272727
1683,0.2727272727272727
1684,0.2727272727272727
1685,0.2727272727272727
1686,0.2727272727272727
1687,0.2727272727272727
1688,0.2727272727272727
1689,0.2727272727272727
1690,0.2727272727272727
1691,0.2727272727272727
1692,0.2727272727272727
1693,0.2727272727272727
1694,0.2727272727272727
1695,0.2727272727272727
1696,0.2727272727272727
1697,0.2727272727272727
1698,0.2727272727272727
1699,0.2727272727272727
1700,0.2727272727272727
1701,0.2727272727272727
1702,0.2727272727272727
1703,0.2727272727272727
1704,0.2727272727272727
1705,0.2727272727272727
1706,0.2727272727272727
1707,0.2727272727272727
1708,0.2727272727272727
1709,0.2727272727272727
1710,0.2727272727272727
1711,0.2727272727272727
1712,0.2727272727272727
1713,0.2727272727272727
1714,0.2727272727272727
1715,0.2727272727272727
1716,0.2727272727272727
1717,0.2727272727272727
1718,0.2727272727272727
1719,0.2727272727272727
1720,0.2727272727272727
1721,0.2727272727272727
1722,0.2727272727272727
1723,0.2727272727272727
1724,0.2727272727272727
1725,0.2727272727272727
1726,0.2727272727272727
1727,0.2727272727272727
1728,0.2727272727272727
1729,0.2727272727272727
1730,0.2727272727272727
1731,0.2727272727272727
1732,0.2727272727272727
1733,0.2727272727272727
1734,0.2727272727272727
1735,0.2727272727272727
1736,0.2727272727272727
1737,0.2727272727272727
1738,0.2727272727272727
1739,0.2727272727272727
1740,0.2727272727272727
1741,0.2727272727272727
1742,0.2727272727272727
1743,0.2727272727272727
1744,0.2727272727272727
1745,0.2727272727272727
1746,0.2727272727272727
1747,0.2727272727272727
1748,0.2727272727272727
1749,0.2727272727272727
1750,0.2727272727272727
1751,0.2727272727272727
1752,0.2727272727272727
1753,0.2727272727272727
1754,0.2727272727272727
1755,0.2727272727272727
1756,0.2727272727272727
1757,0.2727272727272727
1758,0.2727272727272727
1759,0.2727272727272727
1760,0.2727272727272727
1761,0.2727272727272727
1762,0.2727272727272727
1763,0.2727272727272727
1764,0.36363636363636365
1765,0.36363636363636365
1766,0.36363636363636365
1767,0.36363636363636365
1768,0.36363636363636365
1769,0.36363636363636365
1770,0.2727272727272727
1771,0.36363636363636365
1772,0.36363636363636365
1773,0.36363636363636365
1774,0.36363636363636365
1775,0.36363636363636365
1776,0.36363636363636365
1777,0.45454545454545453
1778,0.45454545454545453
1779,0.45454545454545453
1780,0.45454545454545453
1781,0.45454545454545453
1782,0.45454545454545453
1783,0.36363636363636365
1784,0.45454545454545453
1785,0.45454545454545453
1786,0.45454545454545453
1787,0.45454545454545453
1788,0.45454545454545453
1789,0.45454545454545453
1790,0.45454545454545453
1791,0.45454545454545453
1792,0.45454545454545453
1793,0.45454545454545453
1794,0.45454545454545453
1795,0.45454545454545453
1796,0.45454545454545453
1797,0.45454545454545453
1798,0.45454545454545453
1799,0.45454545454545453
1800,0.45454545454545453
1801,0.45454545454545453
1802,0.45454545454545453
1803,0.45454545454545453
1804,0.45454545454545453
1805,0.45454545454545453
1806,0.45454545454545453
1807,0.45454545454545453
1808,0.45454545454545453
1809,0.45454545454545453
1810,0.45454545454545453
1811,0.45454545454545453
1812,0.45454545454545453
1813,0.45454545454545453
1814,0.45454545454545453
1815,0.45454545454545453
1816,0.45454545454545453
1817,0.45454545454545453
1818,0.45454545454545453
1819,0.45454545454545453
1820,0.45454545454545453
1821,0.45454545454545453
1822,0.45454545454545453
1823,0.45454545454545453
1824,0.45454545454545453
1825,0.45454545454545453
1826,0.45454545454545453
1827,0.45454545454545453
1828,0.45454545454545453
1829,0.45454545454545453
1830,0.45454545454545453
1831,0.45454545454545453
1832,0.45454545454545453
1833,0.45454545454545453
1834,0.45454545454545453
1835,0.45454545454545453
1836,0.45454545454545453
1837,0.45454545454545453
1838,0.45454545454545453
1839,0.45454545454545453
1840,0.45454545454545453
1841,0.45454545454545453
1842,0.45454545454545453
1843,0.45454545454545453
1844,0.45454545454545453
1845,0.45454545454545453
1846,0.45454545454545453
1847,0.45454545454545453
1848,0.45454545454545453
1849,0.45454545454545453
1850,0.45454545454545453
1851,0.45454545454545453
1852,0.45454545454545453
1853,0.45454545454545453
1854,0.45454545454545453
1855,0.45454545454545453
1856,0.45454545454545453
1857,0.45454545454545453
1858,0.45454545454545453
1859,0.45454545454545453
1860,0.45454545454545453
1861,0.45454545454545453
1862,0.45454545454545453
1863,0.45454545454545453
1864,0.45454545454545453
1865,0.45454545454545453
1866,0.45454545454545453
1867,0.45454545454545453
1868,0.45454545454545453
1869,0.45454545454545453
1870,0.45454545454545453
1871,0.45454545454545453
1872,0.45454545454545453
1873,0.45454545454545453
1874,0.45454545454545453
1875,0.45454545454545453
1876,0.45454545454545453
1877,0.45454545454545453
1878,0.45454545454545453
1879,0.45454545454545453
1880,0.45454545454545453
1881,0.45454545454545453
1882,0.45454545454545453
1883,0.45454545454545453
1884,0.45454545454545453
1885,0.45454545454545453
1886,0.45454545454545453
1887,0.45454545454545453
1888,0.45454545454545453
1889,0.45454545454545453
1890,0.45454545454545453
1891,0.45454545454545453
1892,0.45454545454545453
1893,0.45454545454545453
1894,0.45454545454545453
1895,0.45454545454545453
1896,0.45454545454545453
1897,0.45454545454545453
1898,0.45454545454545453
1899,0.45454545454545453
1900,0.45454545454545453
1901,0.45454545454545453
1902,0.45454545454545453
1903,0.45454545454545453
1904,0.45454545454545453
1905,0.45454545454545453
1906,0.45454545454545453
1907,0.45454545454545453
1908,0.45454545454545453
1909,0.45454545454545453
1910,0.45454545454545453
1911,0.45454545454545453
1912,0.45454545454545453
1913,0.45454545454545453
1914,0.45454545454545453
1915,0.45454545454545453
1916,0.5454545454545454
1917,0.5454545454545454
1918,0.6363636363636364
1919,0.6363636363636364
1920,0.5454545454545454
1921,0.6363636363636364
1922,0.6363636363636364
1923,0.6363636363636364
1924,0.6363636363636364
1925,0.6363636363636364
1926,0.6363636363636364
1927,0.6363636363636364
1928,0.6363636363636364
1929,0.6363636363636364
1930,0.6363636363636364
1931,0.6363636363636364
1932,0.6363636363636364
1933,0.6363636363636364
1934,0.6363636363636364
1935,0.6363636363636364
1936,0.6363636363636364
1937,0.6363636363636364
1938,0.6363636363636364
1939,0.6363636363636364
1940,0.6363636363636364
1941,0.6363636363636364
1942,0.6363636363636364
1943,0.6363636363636364
1944,0.6363636363636364
1945,0.6363636363636364
1946,0.6363636363636364
1947,0.6363636363636364
1948,0.6363636363636364
1949,0.6363636363636364
1950,0.6363636363636364
1951,0.6363636363636364
1952,0.6363636363636364
1953,0.6363636363636364
1954,0.6363636363636364
1955,0.6363636363636364
1956,0.6363636363636364
1957,0.6363636363636364
1958,0.6363636363636364
1959,0.6363636363636364
1960,0.6363636363636364
1961,0.6363636363636364
1962,0.6363636363636364
1963,0.6363636363636364
1964,0.6363636363636364
1965,0.6363636363636364
1966,0.6363636363636364
1967,0.6363636363636364
1968,0.6363636363636364
1969,0.6363636363636364
1970,0.6363636363636364
1971,0.6363636363636364
1972,0.6363636363636364
1973,0.6363636363636364
1974,0.6363636363636364
1975,0.6363636363636364
1976,0.6363636363636364
1977,0.6363636363636364
1978,0.6363636363636364
1979,0.6363636363636364
1980,0.6363636363636364
1981,0.6363636363636364
1982,0.6363636363636364
1983,0.6363636363636364
1984,0.6363636363636364
1985,0.6363636363636364
1986,0.6363636363636364
1987,0.6363636363636364
1988,0.6363636363636364
1989,0.6363636363636364
1990,0.6363636363636364
1991,0.6363636363636364
1992,0.6363636363636364
1993,0.6363636363636364
1994,0.6363636363636364
1995,0.6363636363636364
1996,0.6363636363636364
1997,0.6363636363636364
1998,0.6363636363636364
1999,0.6363636363636364
2000,0.6363636363636364
2001,0.6363636363636364
2002,0.6363636363636364
2003,0.6363636363636364
2004,0.6363636363636364
2005,0.6363636363636364
2006,0.6363636363636364
2007,0.6363636363636364
2008,0.6363636363636364
2009,0.6363636363636364
2010,0.6363636363636364
2011,0.6363636363636364
2012,0.6363636363636364
2013,0.6363636363636364
2014,0.6363636363636364
2015,0.6363636363636364
2016,0.7272727272727273
2017,0.6363636363636364
2018,0.6363636363636364
2019,0.7272727272727273
2020,0.7272727272727273
2021,0.7272727272727273
2022,0.7272727272727273
2023,0.7272727272727273
2024,0.7272727272727273
2025,0.7272727272727273
2026,0.7272727272727273
2027,0.7272727272727273
2028,0.7272727272727273
2029,0.7272727272727273
2030,0.7272727272727273
2031,0.7272727272727273
2032,0.7272727272727273
2033,0.7272727272727273
2034,0.7272727272727273
2035,0.7272727272727273
2036,0.7272727272727273
2037,0.7272727272727273
2038,0.7272727272727273
2039,0.7272727272727273
2040,0.7272727272727273
2041,0.7272727272727273
2042,0.7272727272727273
2043,0.7272727272727273
2044,0.7272727272727273
2045,0.7272727272727273
2046,0.7272727272727273
2047,0.7272727272727273
2048,0.7272727272727273
2049,0.7272727272727273
2050,0.7272727272727273
2051,0.7272727272727273
2052,0.7272727272727273
2053,0.7272727272727273
2054,0.7272727272727273
2055,0.7272727272727273
2056,0.7272727272727273
2057,0.7272727272727273
2058,0.7272727272727273
2059,0.7272727272727273
2060,0.7272727272727273
2061,0.7272727272727273
2062,0.7272727272727273
2063,0.7272727272727273
2064,0.7272727272727273
2065,0.7272727272727273
2066,0.7272727272727273
2067,0.7272727272727273
2068,0.7272727272727273
2069,0.7272727272727273
2070,0.7272727272727273
2071,0.7272727272727273
2072,0.7272727272727273
2073,0.7272727272727273
2074,0.7272727272727273
2075,0.7272727272727273
2076,0.7272727272727273
2077,0.7272727272727273
2078,0.7272727272727273
2079,0.7272727272727273
2080,0.7272727272727273
2081,0.7272727272727273
2082,0.7272727272727273
2083,0.7272727272727273
2084,0.7272727272727273
2085,0.7272727272727273
2086,0.7272727272727273
2087,0.7272727272727273
2088,0.7272727272727273
2089,0.7272727272727273
2090,0.7272727272727273
2091,0.7272727272727273
2092,0.7272727272727273
2093,0.7272727272727273
2094,0.7272727272727273
2095,0.7272727272727273
2096,0.7272727272727273
2097,0.7272727272727273
2098,0.7272727272727273
2099,0.7272727272727273
2100,0.7272727272727273
2101,0.8181818181818182
2102,0.8181818181818182
2103,0.8181818181818182
2104,0.8181818181818182
2105,0.8181818181818182
2106,0.8181818181818182
2107,0.8181818181818182
2108,0.8181818181818182
2109,0.8181818181818182
2110,0.8181818181818182
2111,0.8181818181818182
2112,0.8181818181818182
2113,0.8181818181818182
2114,0.8181818181818182
2115,0.8181818181818182
2116,0.8181818181818182
2117,0.8181818181818182
2118,0.8181818181818182
2119,0.8181818181818182
2120,0.8181818181818182
2121,0.8181818181818182
2122,0.8181818181818182
2123,0.8181818181818182
2124,0.8181818181818182
2125,0.8181818181818182
2126,0.8181818181818182
2127,0.8181818181818182
2128,0.8181818181818182
2129,0.8181818181818182
2130,0.8181818181818182
2131,0.8181818181818182
2132,0.8181818181818182
2133,0.8181818181818182
2134,0.8181818181818182
2135,0.8181818181818182
2136,0.8181818181818182
2137,0.8181818181818182
2138,0.8181818181818182
2139,0.8181818181818182
2140,0.8181818181818182
2141,0.8181818181818182
2142,0.8181818181818182
2143,0.8181818181818182
2144,0.8181818181818182
2145,0.8181818181818182
2146,0.8181818181818182
2147,0.8181818181818182
2148,0.8181818181818182
2149,0.8181818181818182
2150,0.8181818181818182
2151,0.8181818181818182
2152,0.8181818181818182
2153,0.8181818181818182
2154,0.8181818181818182
2155,0.8181818181818182
2156,0.8181818181818182
2157,0.8181818181818182
2158,0.8181818181818182
2159,0.8181818181818182
2160,0.8181818181818182
2161,0.8181818181818182
2162,0.8181818181818182
2163,0.8181818181818182
2164,0.8181818181818182
2165,0.8181818181818182
2166,0.9090909090909091
2167,0.9090909090909091
2168,0.9090909090909091
2169,0.9090909090909091
2170,0.9090909090909091
2171,0.9090909090909091
2172,0.9090909090909091
2173,0.9090909090909091
2174,0.9090909090909091
2175,0.9090909090909091
2176,0.9090909090909091
2177,0.9090909090909091
2178,0.9090909090909091
2179,0.9090909090909091
2180,0.9090909090909091
2181,0.9090909090909091
2182,0.9090909090909091
2183,0.9090909090909091
2184,0.9090909090909091
2185,0.9090909090909091
2186,0.9090909090909091
2187,0.9090909090909091
2188,0.9090909090909091
2189,0.9090909090909091
2190,0.9090909090909091
2191,0.9090909090909091
2192,0.9090909090909091
2193,0.9090909090909091
2194,0.9090909090909091
2195,0.9090909090909091
2196,0.9090909090909091
2197,0.9090909090909091
2198,0.9090909090909091
2199,0.9090909090909091
2200,0.9090909090909091
2201,0.9090909090909091
2202,0.9090909090909091
2203,0.9090909090909091
2204,0.9090909090909091
2205,0.9090909090909091
2206,0.9090909090909091
2207,0.9090909090909091
2208,0.9090909090909091
2209,0.9090909090909091
2210,0.9090909090909091
2211,0.9090909090909091
2212,0.9090909090909091
2213,0.9090909090909091
2214,0.9090909090909091
2215,0.9090909090909091
2216,0.9090909090909091
2217,0.9090909090909091
2218,0.9090909090909091
2219,0.9090909090909091
2220,0.9090909090909091
2221,1.0
2222,1.0
2223,1.0
2224,1.0
2225,1.0
2226,1.0
2227,1.0
2228,1.0
2229,1.0
2230,1.0
2231,1.0
2232,1.0
2233,1.0
2234,1.0
2235,1.0
2236,1.0
2237,1.0
2238,1.0
2239,1.0
2240,1.0
2241,1.0
2242,1.0
2243,1.0
2244,1.0
2245,1.0
2246,1.0
2247,1.0
2248,1.0
2249,1.0
2250,1.0
2251,1.0
2252,1.0
2253,1.0
2254,1.0
2255,1.0
2256,1.0
2257,1.0
2258,1.0
2259,1.0
2260,1.0
2261,1.0
2262,1.0
2263,1.0
2264,1.0
2265,1.0
2266,1.0
2267,1.0
2268,1.0
2269,1.0
2270,1.0
2271,1.0
2272,1.0
2273,1.0
2274,1.0
2275,1.0
2276,1.0
2277,1.0
2278,1.0
2279,1.0
2280,1.0
2281,1.0
2282,1.0
2283,1.0
2284,1.0
2285,1.0
2286,1.0
2287,1.0
2288,1.0
2289,1.0
2290,1.0
2291,1.0
2292,1.0
2293,1.0
2294,1.0
2295,1.0
2296,1.0
2297,1.0
2298,1.0
2299,1.0
2300,1.0
2301,1.0
2302,1.0
2303,1.0
2304,1.0
2305,1.0
2306,1.0
2307,1.0
2308,1.0
2309,1.0
2310,1.0
2311,1.0
2312,1.0
2313,1.0
2314,1.0
2315,1.0
2316,1.0
2317,1.0
2318,1.0
2319,1.0
2320,1.0
2321,1.0
2322,1.0
2323,1.0
2324,1.0
2325,1.0
2326,1.0
2327,1.0
2328,1.0
2329,1.0
2330,1.0
2331,1.0
2332,1.0
2333,1.0
2334,1.0
2335,1.0
2336,1.0
2337,1.0
2338,1.0
2339,1.0
2340,1.0
2341,1.0
2342,1.0
2343,1.0
2344,1.0
2345,1.0
2346,1.0
2347,1.0
2348,1.0
2349,1.0
2350,1.0
2351,1.0
2352,1.0
2353,1.0
2354,1.0
2355,1.0
2356,1.0
2357,1.0
2358,1.0
2359,1.0
2360,1.0
2361,1.0
2362,1.0
2363,1.0
2364,1.0
2365,1.0
2366,1.0
2367,1.0
2368,1.0
2369,1.0
2370,1.0
2371,1.0
2372,1.0
2373,1.0
2374,1.0
2375,1.0
2376,1.0
2377,1.0
2378,1.0
2379,1.0
2380,1.0
2381,1.0
2382,1.0
2383,1.0
2384,1.0
2385,1.0
2386,1.0
2387,1.0
2388,1.0
2389,1.0
2390,1.0
2391,1.0
2392,1.0
2393,1.0
2394,1.0
2395,1.0
2396,1.0
2397,1.0
2398,1.0
2399,1.0
2400,1.0
2401,1.0
2402,1.0
2403,1.0
2404,1.0
2405,1.0
2406,1.0
2407,1.0
2408,1.0
2409,1.0
2410,1.0
2411,1.0
2412,1.0
2413,1.0
2414,1.0
2415,1.0
2416,1.0
2417,1.0
2418,1.0
2419,1.0
2420,1.0
2421,1.0
2422,1.0
2423,1.0
2424,1.0
2425,1.0
2426,1.0
2427,1.0
2428,1.0
2429,1.0
2430,1.0
2431,1.0
2432,1.0
2433,1.0
2434,1.0
2435,1.0
2436,1.0
2437,1.0
2438,1.0
2439,1.0
2440,1.0
2441,1.0
2442,1.0
2443,1.0
2444,1.0
2445,1.0
2446,1.0
2447,1.0
2448,1.0
2449,1.0
2450,1.0
2451,1.0
2452,1.0
2453,1.0
2454,1.0
2455,1.0
2456,1.0
2457,1.0
2458,1.0
2459,1.0
2460,1.0
2461,1.0
2462,1.0
2463,1.0
2464,1.0
2465,1.0
2466,1.0
2467,1.0
2468,1.0
2469,1.0
2470,1.0
2471,1.0
2472,1.0
2473,1.0
2474,1.0
2475,1.0
2476,1.0
2477,1.0
2478,1.0
2479,1.0
2480,1.0
2481,1.0
2482,1.0
2483,1.0
2484,1.0
2485,1.0
2486,1.0
2487,1.0
2488,1.0
2489,1.0
2490,1.0
2491,1.0
2492,1.0
2493,1.0
2494,1.0
2495,1.0
2496,1.0
2497,1.0
2498,1.0
2499,1.0
2500,1.0
2501,1.0
2502,1.0
2503,1.0
2504,1.0
2505,1.0
2506,1.0
2507,1.0
2508,1.0
2509,1.0
2510,1.0
2511,1.0
2512,1.0
2513,1.0
