0,0.14285714285714285
100,0.42857142857142855
200,0.7142857142857143
300,0.5714285714285714
400,0.42857142857142855
500,0.5714285714285714
600,0.5714285714285714
700,0.42857142857142855
800,0.42857142857142855
900,0.5714285714285714
1000,0.2857142857142857
1100,0.5714285714285714
1200,0.42857142857142855
1300,0.7142857142857143
1400,0.5714285714285714
1500,0.42857142857142855
1600,0.5714285714285714
1700,0.42857142857142855
1800,0.5714285714285714
1900,0.42857142857142855
2000,0.5714285714285714
2100,0.42857142857142855
2200,0.2857142857142857
2300,0.42857142857142855
2400,0.2857142857142857
2500,0.5714285714285714
2600,0.2857142857142857
2700,0.2857142857142857
2800,0.42857142857142855
2900,0.7142857142857143
3000,0.42857142857142855
3100,0.2857142857142857
3200,0.42857142857142855
3300,0.42857142857142855
3400,0.5714285714285714
3500,0.5714285714285714
3600,0.42857142857142855
3700,0.42857142857142855
3800,0.5714285714285714
3900,0.42857142857142855
4000,0.42857142857142855
4100,0.5714285714285714
4200,0.7142857142857143
4300,0.42857142857142855
4400,0.5714285714285714
4500,0.2857142857142857
4600,0.2857142857142857
4700,0.42857142857142855
4800,0.42857142857142855
4900,0.42857142857142855
5000,0.5714285714285714
5100,0.42857142857142855
5200,0.42857142857142855
5300,0.2857142857142857
5400,0.5714285714285714
5500,0.7142857142857143
5600,0.5714285714285714
5700,0.5714285714285714
5800,0.5714285714285714
5900,0.42857142857142855
6000,0.42857142857142855
6100,0.42857142857142855
6200,0.5714285714285714
6300,0.42857142857142855
6400,0.5714285714285714
6500,0.5714285714285714
6600,0.5714285714285714
6700,0.42857142857142855
6800,0.5714285714285714
6900,0.42857142857142855
7000,0.2857142857142857
7100,0.42857142857142855
7200,0.2857142857142857
7300,0.7142857142857143
7400,0.5714285714285714
7500,0.42857142857142855
7600,0.5714285714285714
7700,0.5714285714285714
7800,0.42857142857142855
7900,0.5714285714285714
8000,0.5714285714285714
8100,0.42857142857142855
8200,0.5714285714285714
8300,0.42857142857142855
8400,0.42857142857142855
8500,0.5714285714285714
8600,0.5714285714285714
8700,0.42857142857142855
8800,0.2857142857142857
8900,0.5714285714285714
9000,0.42857142857142855
9100,0.5714285714285714
9200,0.5714285714285714
9300,0.42857142857142855
9400,0.42857142857142855
9500,0.42857142857142855
9600,0.42857142857142855
9700,0.5714285714285714
9800,0.42857142857142855
9900,0.42857142857142855
10000,0.5714285714285714
10100,0.42857142857142855
10200,0.42857142857142855
10300,0.5714285714285714
10400,0.42857142857142855
10500,0.7142857142857143
10600,0.42857142857142855
10700,0.5714285714285714
10800,0.5714285714285714
10900,0.5714285714285714
11000,0.5714285714285714
11100,0.42857142857142855
11200,0.5714285714285714
11300,0.5714285714285714
11400,0.42857142857142855
11500,0.42857142857142855
11600,0.42857142857142855
11700,0.2857142857142857
11800,0.7142857142857143
11900,0.42857142857142855
12000,0.42857142857142855
12100,0.5714285714285714
12200,0.42857142857142855
12300,0.5714285714285714
12400,0.5714285714285714
12500,0.42857142857142855
12600,0.42857142857142855
12700,0.42857142857142855
12800,0.5714285714285714
12900,0.5714285714285714
13000,0.2857142857142857
13100,0.42857142857142855
13200,0.42857142857142855
13300,0.42857142857142855
13400,0.42857142857142855
13500,0.5714285714285714
13600,0.2857142857142857
13700,0.42857142857142855
13800,0.5714285714285714
13900,0.5714285714285714
14000,0.2857142857142857
14100,0.5714285714285714
14200,0.42857142857142855
14300,0.42857142857142855
14400,0.5714285714285714
14500,0.42857142857142855
14600,0.5714285714285714
14700,0.42857142857142855
14800,0.2857142857142857
14900,0.42857142857142855
15000,0.5714285714285714
15100,0.42857142857142855
15200,0.42857142857142855
15300,0.42857142857142855
15400,0.5714285714285714
15500,0.2857142857142857
15600,0.5714285714285714
15700,0.2857142857142857
15800,0.42857142857142855
15900,0.5714285714285714
16000,0.5714285714285714
16100,0.42857142857142855
16200,0.42857142857142855
16300,0.5714285714285714
16400,0.5714285714285714
16500,0.42857142857142855
16600,0.5714285714285714
16700,0.42857142857142855
16800,0.5714285714285714
16900,0.42857142857142855
17000,0.42857142857142855
17100,0.7142857142857143
17200,0.5714285714285714
17300,0.5714285714285714
17400,0.5714285714285714
17500,0.5714285714285714
17600,0.5714285714285714
17700,0.7142857142857143
17800,0.7142857142857143
17900,0.42857142857142855
18000,0.5714285714285714
18100,0.42857142857142855
18200,0.42857142857142855
18300,0.7142857142857143
18400,0.7142857142857143
18500,0.42857142857142855
18600,0.42857142857142855
18700,0.42857142857142855
18800,0.5714285714285714
18900,0.5714285714285714
19000,0.42857142857142855
19100,0.42857142857142855
19200,0.5714285714285714
19300,0.42857142857142855
19400,0.2857142857142857
19500,0.42857142857142855
19600,0.42857142857142855
19700,0.42857142857142855
19800,0.5714285714285714
19900,0.2857142857142857
20000,0.7142857142857143
20100,0.5714285714285714
20200,0.7142857142857143
20300,0.42857142857142855
20400,0.5714285714285714
20500,0.5714285714285714
20600,0.5714285714285714
20700,0.42857142857142855
20800,0.42857142857142855
20900,0.5714285714285714
21000,0.42857142857142855
21100,0.42857142857142855
21200,0.7142857142857143
21300,0.5714285714285714
21400,0.5714285714285714
21500,0.42857142857142855
21600,0.42857142857142855
21700,0.42857142857142855
21800,0.42857142857142855
21900,0.5714285714285714
22000,0.5714285714285714
22100,0.7142857142857143
22200,0.5714285714285714
22300,0.42857142857142855
22400,0.5714285714285714
22500,0.7142857142857143
22600,0.5714285714285714
22700,0.42857142857142855
22800,0.5714285714285714
22900,0.5714285714285714
23000,0.42857142857142855
23100,0.42857142857142855
23200,0.5714285714285714
23300,0.5714285714285714
23400,0.2857142857142857
23500,0.5714285714285714
23600,0.42857142857142855
23700,0.5714285714285714
23800,0.42857142857142855
23900,0.42857142857142855
24000,0.5714285714285714
24100,0.5714285714285714
24200,0.7142857142857143
24300,0.5714285714285714
24400,0.42857142857142855
24500,0.42857142857142855
24600,0.42857142857142855
24700,0.5714285714285714
24800,0.5714285714285714
24900,0.5714285714285714
25000,0.42857142857142855
25100,0.2857142857142857
25200,0.42857142857142855
25300,0.42857142857142855
25400,0.7142857142857143
25500,0.7142857142857143
25600,0.7142857142857143
25700,0.7142857142857143
25800,0.42857142857142855
25900,0.5714285714285714
26000,0.5714285714285714
26100,0.42857142857142855
26200,0.42857142857142855
26300,0.5714285714285714
26400,0.7142857142857143
26500,0.42857142857142855
26600,0.5714285714285714
26700,0.42857142857142855
26800,0.42857142857142855
26900,0.42857142857142855
27000,0.42857142857142855
27100,0.5714285714285714
27200,0.5714285714285714
27300,0.42857142857142855
27400,0.5714285714285714
27500,0.42857142857142855
27600,0.42857142857142855
27700,0.5714285714285714
27800,0.42857142857142855
27900,0.2857142857142857
28000,0.42857142857142855
28100,0.42857142857142855
28200,0.2857142857142857
28300,0.42857142857142855
28400,0.42857142857142855
28500,0.42857142857142855
28600,0.5714285714285714
28700,0.42857142857142855
28800,0.42857142857142855
28900,0.42857142857142855
29000,0.42857142857142855
29100,0.42857142857142855
29200,0.42857142857142855
29300,0.7142857142857143
29400,0.5714285714285714
29500,0.5714285714285714
29600,0.5714285714285714
29700,0.7142857142857143
29800,0.42857142857142855
29900,0.5714285714285714
30000,0.42857142857142855
30100,0.42857142857142855
30200,0.5714285714285714
30300,0.42857142857142855
30400,0.42857142857142855
30500,0.5714285714285714
30600,0.2857142857142857
30700,0.5714285714285714
30800,0.42857142857142855
30900,0.42857142857142855
31000,0.42857142857142855
31100,0.42857142857142855
31200,0.5714285714285714
31300,0.7142857142857143
31400,0.5714285714285714
31500,0.5714285714285714
31600,0.5714285714285714
31700,0.2857142857142857
31800,0.2857142857142857
31900,0.42857142857142855
32000,0.42857142857142855
32100,0.42857142857142855
32200,0.5714285714285714
32300,0.5714285714285714
32400,0.5714285714285714
32500,0.42857142857142855
32600,0.42857142857142855
32700,0.5714285714285714
32800,0.5714285714285714
32900,0.42857142857142855
33000,0.42857142857142855
33100,0.5714285714285714
33200,0.42857142857142855
33300,0.5714285714285714
33400,0.5714285714285714
33500,0.5714285714285714
33600,0.2857142857142857
33700,0.5714285714285714
33800,0.42857142857142855
33900,0.5714285714285714
34000,0.42857142857142855
34100,0.42857142857142855
34200,0.42857142857142855
34300,0.42857142857142855
34400,0.5714285714285714
34500,0.5714285714285714
34600,0.5714285714285714
34700,0.42857142857142855
34800,0.5714285714285714
34900,0.5714285714285714
35000,0.42857142857142855
35100,0.5714285714285714
35200,0.42857142857142855
35300,0.5714285714285714
35400,0.5714285714285714
35500,0.2857142857142857
35600,0.42857142857142855
35700,0.5714285714285714
35800,0.7142857142857143
35900,0.5714285714285714
36000,0.5714285714285714
36100,0.5714285714285714
36200,0.5714285714285714
36300,0.7142857142857143
36400,0.5714285714285714
36500,0.5714285714285714
36600,0.5714285714285714
36700,0.5714285714285714
36800,0.42857142857142855
36900,0.5714285714285714
37000,0.42857142857142855
37100,0.42857142857142855
37200,0.5714285714285714
37300,0.42857142857142855
37400,0.42857142857142855
37500,0.7142857142857143
37600,0.7142857142857143
37700,0.5714285714285714
37800,0.5714285714285714
37900,0.7142857142857143
38000,0.42857142857142855
38100,0.5714285714285714
38200,0.2857142857142857
38300,0.5714285714285714
38400,0.42857142857142855
38500,0.42857142857142855
38600,0.2857142857142857
38700,0.5714285714285714
38800,0.5714285714285714
38900,0.42857142857142855
39000,0.5714285714285714
39100,0.5714285714285714
39200,0.5714285714285714
39300,0.42857142857142855
39400,0.42857142857142855
39500,0.5714285714285714
39600,0.5714285714285714
39700,0.5714285714285714
39800,0.42857142857142855
39900,0.5714285714285714
40000,0.5714285714285714
40100,0.5714285714285714
40200,0.42857142857142855
40300,0.5714285714285714
40400,0.42857142857142855
40500,0.42857142857142855
40600,0.42857142857142855
40700,0.42857142857142855
40800,0.42857142857142855
40900,0.5714285714285714
41000,0.2857142857142857
41100,0.2857142857142857
41200,0.42857142857142855
41300,0.42857142857142855
41400,0.5714285714285714
41500,0.5714285714285714
41600,0.5714285714285714
41700,0.42857142857142855
41800,0.5714285714285714
41900,0.42857142857142855
42000,0.5714285714285714
42100,0.42857142857142855
42200,0.42857142857142855
42300,0.5714285714285714
42400,0.42857142857142855
42500,0.42857142857142855
42600,0.42857142857142855
42700,0.5714285714285714
42800,0.7142857142857143
42900,0.42857142857142855
43000,0.2857142857142857
43100,0.5714285714285714
43200,0.5714285714285714
43300,0.42857142857142855
43400,0.42857142857142855
43500,0.5714285714285714
43600,0.5714285714285714
43700,0.5714285714285714
43800,0.42857142857142855
43900,0.42857142857142855
44000,0.5714285714285714
44100,0.7142857142857143
44200,0.5714285714285714
44300,0.42857142857142855
44400,0.5714285714285714
44500,0.5714285714285714
44600,0.2857142857142857
44700,0.42857142857142855
44800,0.42857142857142855
44900,0.42857142857142855
45000,0.5714285714285714
45100,0.5714285714285714
45200,0.42857142857142855
45300,0.5714285714285714
45400,0.5714285714285714
45500,0.5714285714285714
45600,0.5714285714285714
45700,0.42857142857142855
45800,0.42857142857142855
45900,0.42857142857142855
46000,0.5714285714285714
46100,0.5714285714285714
46200,0.5714285714285714
46300,0.5714285714285714
46400,0.7142857142857143
46500,0.5714285714285714
46600,0.5714285714285714
46700,0.2857142857142857
46800,0.5714285714285714
46900,0.5714285714285714
47000,0.5714285714285714
47100,0.2857142857142857
47200,0.42857142857142855
47300,0.42857142857142855
47400,0.5714285714285714
47500,0.42857142857142855
47600,0.5714285714285714
47700,0.2857142857142857
47800,0.5714285714285714
47900,0.7142857142857143
48000,0.42857142857142855
48100,0.42857142857142855
48200,0.5714285714285714
48300,0.42857142857142855
48400,0.42857142857142855
48500,0.5714285714285714
48600,0.42857142857142855
48700,0.7142857142857143
48800,0.7142857142857143
48900,0.7142857142857143
49000,0.5714285714285714
49100,0.5714285714285714
49200,0.2857142857142857
49300,0.42857142857142855
49400,0.5714285714285714
49500,0.42857142857142855
49600,0.5714285714285714
49700,0.7142857142857143
49800,0.42857142857142855
49900,0.42857142857142855
50000,0.5714285714285714
50100,0.5714285714285714
50200,0.7142857142857143
50300,0.2857142857142857
50400,0.42857142857142855
50500,0.42857142857142855
50600,0.42857142857142855
50700,0.42857142857142855
50800,0.42857142857142855
50900,0.5714285714285714
51000,0.42857142857142855
51100,0.5714285714285714
51200,0.2857142857142857
51300,0.7142857142857143
51400,0.2857142857142857
51500,0.42857142857142855
51600,0.5714285714285714
51700,0.42857142857142855
51800,0.42857142857142855
51900,0.42857142857142855
52000,0.42857142857142855
52100,0.7142857142857143
52200,0.7142857142857143
52300,0.42857142857142855
52400,0.42857142857142855
52500,0.42857142857142855
52600,0.42857142857142855
52700,0.7142857142857143
52800,0.2857142857142857
52900,0.42857142857142855
53000,0.42857142857142855
53100,0.42857142857142855
53200,0.5714285714285714
53300,0.5714285714285714
53400,0.5714285714285714
53500,0.42857142857142855
53600,0.5714285714285714
53700,0.7142857142857143
53800,0.5714285714285714
53900,0.42857142857142855
54000,0.5714285714285714
54100,0.42857142857142855
54200,0.42857142857142855
54300,0.42857142857142855
54400,0.42857142857142855
54500,0.42857142857142855
54600,0.5714285714285714
54700,0.5714285714285714
54800,0.5714285714285714
54900,0.5714285714285714
55000,0.42857142857142855
55100,0.42857142857142855
55200,0.2857142857142857
55300,0.2857142857142857
55400,0.42857142857142855
55500,0.42857142857142855
55600,0.5714285714285714
55700,0.42857142857142855
55800,0.42857142857142855
55900,0.7142857142857143
56000,0.42857142857142855
56100,0.5714285714285714
56200,0.5714285714285714
56300,0.5714285714285714
56400,0.42857142857142855
56500,0.42857142857142855
56600,0.42857142857142855
56700,0.5714285714285714
56800,0.7142857142857143
56900,0.42857142857142855
57000,0.5714285714285714
57100,0.5714285714285714
57200,0.7142857142857143
57300,0.42857142857142855
57400,0.7142857142857143
57500,0.5714285714285714
57600,0.2857142857142857
57700,0.7142857142857143
57800,0.42857142857142855
57900,0.5714285714285714
58000,0.7142857142857143
58100,0.2857142857142857
58200,0.2857142857142857
58300,0.2857142857142857
58400,0.42857142857142855
58500,0.5714285714285714
58600,0.42857142857142855
58700,0.42857142857142855
58800,0.5714285714285714
58900,0.5714285714285714
59000,0.42857142857142855
59100,0.5714285714285714
59200,0.5714285714285714
59300,0.5714285714285714
59400,0.5714285714285714
59500,0.5714285714285714
59600,0.2857142857142857
59700,0.42857142857142855
59800,0.42857142857142855
59900,0.5714285714285714
60000,0.5714285714285714
60100,0.42857142857142855
60200,0.5714285714285714
60300,0.5714285714285714
60400,0.42857142857142855
60500,0.42857142857142855
60600,0.5714285714285714
60700,0.2857142857142857
60800,0.42857142857142855
60900,0.5714285714285714
61000,0.42857142857142855
61100,0.5714285714285714
61200,0.5714285714285714
61300,0.5714285714285714
61400,0.7142857142857143
61500,0.5714285714285714
61600,0.42857142857142855
61700,0.5714285714285714
61800,0.42857142857142855
61900,0.5714285714285714
62000,0.2857142857142857
62100,0.7142857142857143
62200,0.2857142857142857
62300,0.5714285714285714
62400,0.42857142857142855
62500,0.42857142857142855
62600,0.42857142857142855
62700,0.5714285714285714
62800,0.42857142857142855
62900,0.5714285714285714
63000,0.5714285714285714
63100,0.42857142857142855
63200,0.5714285714285714
63300,0.5714285714285714
63400,0.5714285714285714
63500,0.42857142857142855
63600,0.5714285714285714
63700,0.42857142857142855
63800,0.7142857142857143
63900,0.5714285714285714
64000,0.5714285714285714
64100,0.42857142857142855
64200,0.42857142857142855
64300,0.42857142857142855
64400,0.5714285714285714
64500,0.42857142857142855
64600,0.42857142857142855
64700,0.5714285714285714
64800,0.5714285714285714
64900,0.42857142857142855
65000,0.5714285714285714
65100,0.42857142857142855
65200,0.2857142857142857
65300,0.5714285714285714
65400,0.42857142857142855
65500,0.42857142857142855
65600,0.5714285714285714
65700,0.42857142857142855
65800,0.7142857142857143
65900,0.5714285714285714
66000,0.5714285714285714
66100,0.5714285714285714
66200,0.42857142857142855
66300,0.5714285714285714
66400,0.5714285714285714
66500,0.42857142857142855
66600,0.42857142857142855
66700,0.5714285714285714
66800,0.42857142857142855
66900,0.5714285714285714
67000,0.5714285714285714
67100,0.42857142857142855
67200,0.2857142857142857
67300,0.5714285714285714
67400,0.42857142857142855
67500,0.5714285714285714
67600,0.5714285714285714
67700,0.42857142857142855
67800,0.42857142857142855
67900,0.42857142857142855
68000,0.5714285714285714
68100,0.42857142857142855
68200,0.5714285714285714
68300,0.42857142857142855
68400,0.5714285714285714
68500,0.5714285714285714
68600,0.5714285714285714
68700,0.2857142857142857
68800,0.5714285714285714
68900,0.42857142857142855
69000,0.2857142857142857
69100,0.42857142857142855
69200,0.2857142857142857
69300,0.42857142857142855
69400,0.5714285714285714
69500,0.7142857142857143
69600,0.5714285714285714
69700,0.2857142857142857
69800,0.42857142857142855
69900,0.5714285714285714
70000,0.42857142857142855
70100,0.5714285714285714
70200,0.42857142857142855
70300,0.42857142857142855
70400,0.42857142857142855
70500,0.42857142857142855
70600,0.5714285714285714
70700,0.5714285714285714
70800,0.5714285714285714
70900,0.42857142857142855
71000,0.42857142857142855
71100,0.5714285714285714
71200,0.42857142857142855
71300,0.5714285714285714
71400,0.2857142857142857
71500,0.42857142857142855
71600,0.42857142857142855
71700,0.42857142857142855
71800,0.2857142857142857
71900,0.5714285714285714
72000,0.42857142857142855
72100,0.5714285714285714
72200,0.5714285714285714
72300,0.2857142857142857
72400,0.5714285714285714
72500,0.5714285714285714
72600,0.2857142857142857
72700,0.7142857142857143
72800,0.7142857142857143
72900,0.42857142857142855
73000,0.5714285714285714
73100,0.2857142857142857
73200,0.5714285714285714
73300,0.42857142857142855
73400,0.5714285714285714
73500,0.5714285714285714
73600,0.5714285714285714
73700,0.7142857142857143
73800,0.5714285714285714
73900,0.42857142857142855
74000,0.7142857142857143
74100,0.5714285714285714
74200,0.42857142857142855
74300,0.42857142857142855
74400,0.5714285714285714
74500,0.42857142857142855
74600,0.5714285714285714
74700,0.42857142857142855
74800,0.2857142857142857
74900,0.5714285714285714
75000,0.2857142857142857
75100,0.42857142857142855
75200,0.5714285714285714
75300,0.2857142857142857
75400,0.7142857142857143
75500,0.5714285714285714
75600,0.5714285714285714
75700,0.42857142857142855
75800,0.5714285714285714
75900,0.42857142857142855
76000,0.5714285714285714
76100,0.7142857142857143
76200,0.42857142857142855
76300,0.42857142857142855
76400,0.42857142857142855
76500,0.42857142857142855
76600,0.42857142857142855
76700,0.5714285714285714
76800,0.5714285714285714
76900,0.42857142857142855
77000,0.42857142857142855
77100,0.42857142857142855
77200,0.7142857142857143
77300,0.42857142857142855
77400,0.2857142857142857
77500,0.42857142857142855
77600,0.5714285714285714
77700,0.42857142857142855
77800,0.2857142857142857
77900,0.5714285714285714
78000,0.42857142857142855
78100,0.2857142857142857
78200,0.42857142857142855
78300,0.5714285714285714
78400,0.42857142857142855
78500,0.5714285714285714
78600,0.42857142857142855
78700,0.5714285714285714
78800,0.5714285714285714
78900,0.42857142857142855
79000,0.7142857142857143
79100,0.7142857142857143
79200,0.5714285714285714
79300,0.5714285714285714
79400,0.5714285714285714
79500,0.42857142857142855
79600,0.42857142857142855
79700,0.5714285714285714
79800,0.42857142857142855
79900,0.2857142857142857
80000,0.42857142857142855
80100,0.5714285714285714
80200,0.5714285714285714
80300,0.5714285714285714
80400,0.5714285714285714
80500,0.5714285714285714
80600,0.5714285714285714
80700,0.7142857142857143
80800,0.7142857142857143
80900,0.42857142857142855
81000,0.42857142857142855
81100,0.42857142857142855
81200,0.5714285714285714
81300,0.42857142857142855
81400,0.2857142857142857
81500,0.42857142857142855
81600,0.5714285714285714
81700,0.5714285714285714
81800,0.42857142857142855
81900,0.5714285714285714
82000,0.5714285714285714
82100,0.42857142857142855
82200,0.7142857142857143
82300,0.5714285714285714
82400,0.5714285714285714
82500,0.42857142857142855
82600,0.5714285714285714
82700,0.42857142857142855
82800,0.5714285714285714
82900,0.5714285714285714
83000,0.42857142857142855
83100,0.7142857142857143
83200,0.7142857142857143
83300,0.2857142857142857
83400,0.42857142857142855
83500,0.42857142857142855
83600,0.42857142857142855
83700,0.5714285714285714
83800,0.5714285714285714
83900,0.5714285714285714
84000,0.7142857142857143
84100,0.7142857142857143
84200,0.5714285714285714
84300,0.5714285714285714
84400,0.7142857142857143
84500,0.5714285714285714
84600,0.42857142857142855
84700,0.5714285714285714
84800,0.42857142857142855
84900,0.42857142857142855
85000,0.5714285714285714
85100,0.42857142857142855
85200,0.42857142857142855
85300,0.5714285714285714
85400,0.7142857142857143
85500,0.5714285714285714
85600,0.5714285714285714
85700,0.5714285714285714
85800,0.5714285714285714
85900,0.42857142857142855
86000,0.42857142857142855
86100,0.42857142857142855
86200,0.5714285714285714
86300,0.7142857142857143
86400,0.2857142857142857
86500,0.42857142857142855
86600,0.42857142857142855
86700,0.42857142857142855
86800,0.42857142857142855
86900,0.7142857142857143
87000,0.5714285714285714
87100,0.2857142857142857
87200,0.42857142857142855
87300,0.42857142857142855
87400,0.5714285714285714
87500,0.5714285714285714
87600,0.42857142857142855
87700,0.42857142857142855
87800,0.42857142857142855
87900,0.2857142857142857
88000,0.5714285714285714
88100,0.5714285714285714
88200,0.42857142857142855
88300,0.5714285714285714
88400,0.42857142857142855
88500,0.7142857142857143
88600,0.5714285714285714
88700,0.5714285714285714
88800,0.2857142857142857
88900,0.5714285714285714
89000,0.42857142857142855
89100,0.42857142857142855
89200,0.42857142857142855
89300,0.5714285714285714
89400,0.5714285714285714
89500,0.5714285714285714
89600,0.42857142857142855
89700,0.2857142857142857
89800,0.42857142857142855
89900,0.42857142857142855
90000,0.5714285714285714
90100,0.42857142857142855
90200,0.42857142857142855
90300,0.42857142857142855
90400,0.42857142857142855
90500,0.5714285714285714
90600,0.42857142857142855
90700,0.5714285714285714
90800,0.42857142857142855
90900,0.42857142857142855
91000,0.42857142857142855
91100,0.42857142857142855
91200,0.5714285714285714
91300,0.42857142857142855
91400,0.42857142857142855
91500,0.42857142857142855
91600,0.42857142857142855
91700,0.42857142857142855
91800,0.5714285714285714
91900,0.5714285714285714
92000,0.5714285714285714
92100,0.42857142857142855
92200,0.42857142857142855
92300,0.42857142857142855
92400,0.5714285714285714
92500,0.42857142857142855
92600,0.42857142857142855
92700,0.5714285714285714
92800,0.42857142857142855
92900,0.42857142857142855
93000,0.42857142857142855
93100,0.42857142857142855
93200,0.5714285714285714
93300,0.42857142857142855
93400,0.42857142857142855
93500,0.42857142857142855
93600,0.42857142857142855
93700,0.5714285714285714
93800,0.42857142857142855
93900,0.42857142857142855
94000,0.42857142857142855
94100,0.5714285714285714
94200,0.7142857142857143
94300,0.7142857142857143
94400,0.5714285714285714
94500,0.7142857142857143
94600,0.5714285714285714
94700,0.42857142857142855
94800,0.42857142857142855
94900,0.7142857142857143
95000,0.42857142857142855
95100,0.5714285714285714
95200,0.42857142857142855
95300,0.42857142857142855
95400,0.42857142857142855
95500,0.42857142857142855
95600,0.42857142857142855
95700,0.2857142857142857
95800,0.2857142857142857
95900,0.42857142857142855
96000,0.42857142857142855
96100,0.42857142857142855
96200,0.5714285714285714
96300,0.42857142857142855
96400,0.5714285714285714
96500,0.42857142857142855
96600,0.7142857142857143
96700,0.42857142857142855
96800,0.5714285714285714
96900,0.5714285714285714
97000,0.5714285714285714
97100,0.42857142857142855
97200,0.42857142857142855
97300,0.42857142857142855
97400,0.5714285714285714
97500,0.5714285714285714
97600,0.5714285714285714
97700,0.42857142857142855
97800,0.42857142857142855
97900,0.5714285714285714
98000,0.42857142857142855
98100,0.2857142857142857
98200,0.5714285714285714
98300,0.5714285714285714
98400,0.42857142857142855
98500,0.42857142857142855
98600,0.5714285714285714
98700,0.5714285714285714
98800,0.5714285714285714
98900,0.42857142857142855
99000,0.42857142857142855
99100,0.5714285714285714
99200,0.2857142857142857
99300,0.42857142857142855
99400,0.42857142857142855
99500,0.42857142857142855
99600,0.2857142857142857
99700,0.2857142857142857
99800,0.5714285714285714
99900,0.7142857142857143
